0 -169838.908285 3477186.532796 -0.134419 0.000137 -0.003365 0.024554 
1 -169838.908285 3477186.532796 -0.134419 0.000137 -0.003365 0.024554 
2 -169838.907972 3477186.532796 -0.134461 0.000073 0.000000 0.024544 
3 -169838.910048 3477186.536298 -0.135528 0.001279 -0.004334 0.024435 
4 -169838.913744 3477186.589229 -0.136492 0.002382 -0.006601 0.024055 
5 -169838.917816 3477186.702734 -0.137760 0.003778 -0.007468 0.024272 
6 -169838.921620 3477186.828420 -0.135200 0.000389 -0.008828 0.024315 
7 -169838.925717 3477186.916446 -0.134090 -0.001955 -0.007908 0.024026 
8 -169838.928436 3477186.995888 -0.134957 -0.000771 -0.007905 0.024241 
9 -169838.931967 3477187.067962 -0.134865 -0.000799 -0.007694 0.024150 
10 -169838.935306 3477187.140245 -0.134402 -0.001265 -0.007338 0.023998 
11 -169838.938783 3477187.205351 -0.135068 -0.000535 -0.006787 0.023751 
12 -169838.941371 3477187.277197 -0.135491 -0.000060 -0.006274 0.023755 
13 -169838.944369 3477187.345784 -0.134916 -0.000700 -0.005820 0.023657 
14 -169838.947445 3477187.443791 -0.143008 0.008361 -0.005637 0.022630 
15 -169838.953158 3477187.691093 -0.142455 0.007352 -0.004021 0.019792 
16 -169838.959296 3477187.968875 -0.135892 0.001707 -0.003524 0.020509 
17 -169838.965775 3477188.255633 -0.133517 -0.000442 -0.004710 0.021139 
18 -169838.970746 3477188.486852 -0.131075 -0.004385 -0.010016 0.013340 
19 -169838.971766 3477188.659313 -0.133005 -0.002893 -0.006812 0.009748 
20 -169838.973192 3477188.753578 -0.132920 -0.002977 -0.005283 0.008771 
21 -169838.975990 3477188.825871 -0.135070 0.000279 -0.005708 0.007711 
22 -169838.977557 3477188.912699 -0.136842 0.002204 -0.004694 0.007273 
23 -169838.979310 3477189.013865 -0.136598 0.001881 -0.004473 0.006642 
24 -169838.980878 3477189.103462 -0.135213 0.000345 -0.003903 0.006140 
25 -169838.982289 3477189.175859 -0.135419 0.000596 -0.003996 0.005698 
26 -169838.983627 3477189.243956 -0.135629 0.000797 -0.003743 0.005254 
27 -169838.984594 3477189.309405 -0.135296 0.000441 -0.003680 0.004986 
28 -169838.986039 3477189.365643 -0.134130 -0.001326 -0.002601 0.004271 
29 -169838.987030 3477189.416611 -0.133728 -0.001392 -0.001906 0.004004 
30 -169838.987899 3477189.466932 -0.134788 -0.000231 -0.001536 0.003808 
31 -169838.989066 3477189.557703 -0.139008 0.004466 -0.001669 0.003437 
32 -169838.990824 3477189.715813 -0.137516 0.003703 -0.003635 0.003001 
33 -169838.992352 3477189.899444 -0.134608 -0.000295 -0.005025 0.002696 
34 -169838.993602 3477190.046856 -0.134447 -0.000562 -0.005422 0.002752 
35 -169838.994838 3477190.189466 -0.134526 -0.001114 -0.004742 0.002505 
36 -169838.995765 3477190.287532 -0.133753 -0.002010 -0.004149 0.002344 
37 -169838.997069 3477190.370163 -0.134579 -0.000710 -0.003408 0.001945 
38 -169838.998544 3477190.448157 -0.134330 -0.000134 -0.003476 0.001548 
39 -169838.999345 3477190.522679 -0.135759 0.001542 -0.003278 0.001463 
40 -169839.000404 3477190.620936 -0.134650 0.000293 -0.003083 0.001278 
41 -169839.001810 3477190.717740 -0.133868 -0.000578 -0.003331 0.000948 
42 -169839.002592 3477190.795190 -0.133742 -0.000729 -0.003564 0.000821 
43 -169839.003417 3477190.872698 -0.134135 -0.000946 -0.004580 0.000829 
44 -169839.004813 3477190.954526 -0.136143 0.000536 -0.004482 0.000592 
45 -169839.005883 3477191.029579 -0.135547 -0.000038 -0.004291 0.000396 
46 -169839.006898 3477191.103699 -0.134543 -0.001128 -0.004698 0.000243 
47 -169839.007421 3477191.167288 -0.133933 -0.001825 -0.003809 0.000268 
48 -169839.008363 3477191.232483 -0.135630 0.000100 -0.003595 0.000073 
49 -169839.009262 3477191.298096 -0.135333 0.000368 -0.004113 -0.000030 
50 -169839.010497 3477191.388682 -0.136042 0.001169 -0.004396 -0.000247 
51 -169839.011317 3477191.493770 -0.134545 -0.000546 -0.004416 -0.000344 
52 -169839.012445 3477191.589537 -0.133688 -0.001528 -0.004530 -0.000578 
53 -169839.013388 3477191.686871 -0.134965 -0.000043 -0.004739 -0.000589 
54 -169839.014139 3477191.794616 -0.136955 0.001555 -0.004647 -0.000575 
55 -169839.015717 3477191.917725 -0.135506 -0.000067 -0.005101 -0.000793 
56 -169839.016737 3477192.029766 -0.134501 -0.000164 -0.003326 -0.000777 
57 -169839.017919 3477192.157037 -0.134121 0.000357 -0.005309 -0.000790 
58 -169839.019154 3477192.291775 -0.133653 -0.000149 -0.005045 -0.000778 
59 -169839.019867 3477192.397192 -0.132854 -0.001096 -0.004623 -0.000701 
60 -169839.021303 3477192.489280 -0.133894 -0.000597 -0.006284 -0.000885 
61 -169839.022206 3477192.552493 -0.134485 -0.000511 -0.007375 -0.000798 
62 -169839.023353 3477192.600140 -0.135116 -0.000411 -0.006468 -0.000828 
63 -169839.024476 3477192.648213 -0.135966 0.000545 -0.005516 -0.000860 
64 -169839.025809 3477192.690091 -0.135649 0.000176 -0.004994 -0.001044 
65 -169839.026747 3477192.738321 -0.135590 0.000105 -0.004259 -0.001224 
66 -169839.027391 3477192.789802 -0.135427 -0.000106 -0.003740 -0.001330 
67 -169839.028163 3477192.846698 -0.136612 0.001196 -0.003651 -0.001443 
68 -169839.028656 3477192.918283 -0.136160 0.000690 -0.003894 -0.001262 
69 -169839.029989 3477192.993561 -0.135436 -0.000147 -0.004489 -0.001450 
70 -169839.030878 3477193.055843 -0.135159 -0.000339 -0.004209 -0.001537 
71 -169839.031693 3477193.116858 -0.136019 0.000547 -0.004392 -0.001559 
72 -169839.032269 3477193.179361 -0.135585 0.000085 -0.004279 -0.001545 
73 -169839.032963 3477193.246556 -0.135995 0.000552 -0.003835 -0.001382 
74 -169839.033690 3477193.308909 -0.135085 -0.000507 -0.004079 -0.001348 
75 -169839.034506 3477193.368367 -0.135276 -0.000280 -0.003946 -0.001390 
76 -169839.035170 3477193.415040 -0.134981 -0.000651 -0.003957 -0.001353 
77 -169839.035975 3477193.461871 -0.135940 0.000483 -0.004422 -0.001382 
78 -169839.036693 3477193.510054 -0.136904 0.001525 -0.004024 -0.001361 
79 -169839.037338 3477193.562830 -0.135356 0.000167 -0.003315 -0.001418 
80 -169839.037992 3477193.614468 -0.134223 -0.000825 -0.002858 -0.001460 
81 -169839.038905 3477193.664312 -0.134497 -0.000533 -0.002839 -0.001506 
82 -169839.039384 3477193.719883 -0.134153 -0.000366 -0.003423 -0.001151 
83 -169839.040199 3477193.798167 -0.134810 0.000381 -0.003504 -0.001264 
84 -169839.041054 3477193.909695 -0.134376 -0.000119 -0.003560 -0.001354 
85 -169839.041776 3477193.999939 -0.133440 -0.001173 -0.003605 -0.001403 
86 -169839.042821 3477194.086131 -0.133394 -0.001229 -0.004118 -0.001516 
87 -169839.043563 3477194.167654 -0.133699 -0.001348 -0.004930 -0.001602 
88 -169839.044042 3477194.239966 -0.134975 -0.000655 -0.004533 -0.001279 
89 -169839.044794 3477194.307452 -0.135183 -0.000479 -0.003982 -0.001208 
90 -169839.045643 3477194.385975 -0.136199 0.000689 -0.004044 -0.001256 
91 -169839.046434 3477194.454476 -0.135420 -0.000113 -0.003876 -0.001362 
92 -169839.047499 3477194.527977 -0.135012 -0.000568 -0.003882 -0.001478 
93 -169839.048256 3477194.601155 -0.135517 -0.000016 -0.004336 -0.001494 
94 -169839.049257 3477194.658887 -0.136202 0.000767 -0.004192 -0.001592 
95 -169839.050009 3477194.727664 -0.136430 0.001021 -0.004307 -0.001387 
96 -169839.050844 3477194.795704 -0.135692 0.000158 -0.003844 -0.001596 
97 -169839.051762 3477194.848987 -0.135146 -0.000430 -0.004143 -0.001681 
98 -169839.052694 3477194.901788 -0.136331 0.000894 -0.003971 -0.001787 
99 -169839.053461 3477194.985604 -0.136345 0.000925 -0.004264 -0.001797 
100 -169839.054159 3477195.065047 -0.135321 -0.000241 -0.004004 -0.001696 
101 -169839.054428 3477195.142132 -0.135109 -0.000454 -0.004035 -0.001613 
102 -169839.055375 3477195.200418 -0.135016 -0.000607 -0.004073 -0.001688 
103 -169839.056161 3477195.258274 -0.135680 0.000155 -0.003991 -0.001694 
104 -169839.056967 3477195.321614 -0.135883 0.000372 -0.004026 -0.001776 
105 -169839.057230 3477195.377527 -0.135033 -0.000547 -0.003903 -0.001590 
106 -169839.058080 3477195.439734 -0.136181 0.000752 -0.004353 -0.001563 
107 -169839.058803 3477195.499881 -0.135500 -0.000058 -0.004577 -0.001587 
108 -169839.059603 3477195.549153 -0.135230 -0.000306 -0.004358 -0.001569 
109 -169839.060136 3477195.594798 -0.135218 -0.000377 -0.003759 -0.001568 
110 -169839.060936 3477195.674288 -0.140965 0.006066 -0.003552 -0.001761 
111 -169839.062040 3477195.937835 -0.147878 0.012481 -0.002753 -0.001375 
112 -169839.065214 3477196.388125 -0.139519 0.023441 -0.001713 -0.001161 
113 -169839.067352 3477196.781651 -0.132510 -0.008853 -0.007564 -0.000904 
114 -169839.068876 3477197.065604 -0.131682 -0.005296 -0.008997 -0.000833 
115 -169839.070272 3477197.237508 -0.132589 -0.003724 -0.010251 -0.000756 
116 -169839.073143 3477197.362125 -0.134797 -0.001117 -0.010501 -0.000843 
117 -169839.075013 3477197.588094 -0.143436 0.007299 -0.007812 -0.000465 
118 -169839.078041 3477197.879397 -0.129220 -0.005508 -0.006271 -0.000046 
119 -169839.082279 3477198.065091 -0.098955 -0.023810 -0.014359 -0.000066 
120 -169839.081762 3477198.228287 -0.139501 0.000333 -0.009049 0.002810 
121 -169839.081459 3477198.333614 -0.133830 -0.002785 -0.008900 0.006261 
122 -169839.081762 3477198.413924 -0.135310 -0.000621 -0.008415 0.009057 
123 -169839.082015 3477198.477688 -0.136289 0.000684 -0.007561 0.011555 
124 -169839.082855 3477198.547164 -0.136625 0.001209 -0.006579 0.013383 
125 -169839.083641 3477198.626116 -0.138777 0.003626 -0.005646 0.014973 
126 -169839.085761 3477198.763594 -0.138820 0.003667 -0.005261 0.016555 
127 -169839.088705 3477198.945188 -0.139044 0.003917 -0.004080 0.017597 
128 -169839.092494 3477199.171851 -0.137895 0.002619 -0.002736 0.018516 
129 -169839.096737 3477199.432803 -0.135991 0.000511 -0.001125 0.019468 
130 -169839.100365 3477199.657298 -0.132464 -0.003450 0.000209 0.020250 
131 -169839.103646 3477199.833245 -0.133364 -0.002392 0.000902 0.020476 
132 -169839.106351 3477199.969593 -0.133253 -0.002575 0.000435 0.015685 
133 -169839.108690 3477200.061360 -0.133551 -0.002146 0.002488 0.013280 
134 -169839.109847 3477200.131961 -0.135102 -0.000433 0.002540 0.010816 
135 -169839.110687 3477200.219356 -0.135949 0.000464 0.002564 0.008454 
136 -169839.111420 3477200.296819 -0.135558 0.000070 0.002319 0.005030 
137 -169839.111366 3477200.352972 -0.135442 -0.000093 0.001989 0.004220 
138 -169839.111498 3477200.422129 -0.136939 0.001579 0.001818 0.003265 
139 -169839.111307 3477200.506180 -0.135008 -0.000600 0.001705 0.003261 
140 -169839.111146 3477200.589371 -0.135988 0.000548 0.001324 0.000248 
141 -169839.111068 3477200.683409 -0.136568 0.001193 0.001389 0.000231 
142 -169839.110990 3477200.774539 -0.135352 -0.000144 0.001553 0.000211 
143 -169839.110912 3477200.831385 -0.134898 -0.000638 0.001563 0.000196 
144 -169839.110844 3477200.869776 -0.134912 -0.000692 0.001490 0.000184 
145 -169839.110751 3477200.895906 -0.134944 -0.000638 0.001354 0.000174 
146 -169839.110761 3477200.912979 -0.135094 -0.000472 0.001595 0.000161 
147 -169839.110502 3477200.924854 -0.135545 0.000035 0.001371 0.000105 
148 -169839.110248 3477200.940889 -0.135107 -0.000483 0.001201 0.000047 
149 -169839.110106 3477200.968338 -0.135429 -0.000133 0.001026 -0.000249 
150 -169839.109970 3477200.999012 -0.135443 -0.000116 0.000935 -0.000309 
151 -169839.109750 3477201.025867 -0.135392 -0.000148 0.000887 -0.000249 
152 -169839.109530 3477201.049412 -0.135690 0.000209 0.000839 -0.000405 
153 -169839.109188 3477201.084935 -0.136677 0.001314 0.000749 -0.000520 
154 -169839.108949 3477201.130352 -0.137107 0.001751 0.000643 -0.000632 
155 -169839.108651 3477201.191097 -0.137438 0.002168 0.000505 -0.001505 
156 -169839.108456 3477201.253624 -0.135189 -0.000328 0.000508 -0.002043 
157 -169839.108085 3477201.308404 -0.135114 -0.000437 0.000554 -0.002027 
158 -169839.107753 3477201.357037 -0.136027 0.000560 0.000576 -0.002511 
159 -169839.107338 3477201.410569 -0.135681 0.000187 0.000553 -0.003258 
160 -169839.106928 3477201.461194 -0.135275 -0.000265 0.000653 -0.003960 
161 -169839.106234 3477201.515157 -0.135580 0.000058 0.000629 -0.004146 
162 -169839.105492 3477201.579402 -0.135734 0.000215 0.000549 -0.004617 
163 -169839.104750 3477201.643575 -0.135952 0.000473 0.000830 -0.004512 
164 -169839.103959 3477201.713516 -0.136054 0.000601 0.000797 -0.004304 
165 -169839.103021 3477201.782344 -0.135755 0.000256 0.000861 -0.004798 
166 -169839.101932 3477201.862623 -0.135608 0.000028 0.001247 -0.005355 
167 -169839.100726 3477201.931023 -0.135486 -0.000055 0.001186 -0.004834 
168 -169839.099926 3477201.990918 -0.135498 -0.000023 0.001243 -0.005319 
169 -169839.100238 3477202.049871 -0.135986 0.000532 0.001349 -0.006613 
170 -169839.100687 3477202.105386 -0.135909 0.000440 0.001265 -0.007992 
171 -169839.100702 3477202.162852 -0.136326 0.000923 0.001173 -0.008891 
172 -169839.100795 3477202.223204 -0.135659 0.000191 0.001342 -0.010146 
173 -169839.100809 3477202.282322 -0.135931 0.000473 0.001592 -0.011446 
174 -169839.100443 3477202.342693 -0.134664 -0.000935 0.001288 -0.012354 
175 -169839.100492 3477202.401226 -0.135687 0.000142 0.000986 -0.013845 
176 -169839.100043 3477202.452637 -0.135259 -0.000273 0.001054 -0.015095 
177 -169839.100101 3477202.503770 -0.136050 0.000577 0.000919 -0.016313 
178 -169839.099779 3477202.548763 -0.135916 0.000448 0.000910 -0.017621 
179 -169839.098685 3477202.607479 -0.136568 0.001116 0.000906 -0.018612 
180 -169839.097108 3477202.674808 -0.135122 -0.000460 0.000760 -0.019331 
181 -169839.096049 3477202.734363 -0.135058 -0.000520 0.000575 -0.020326 
182 -169839.095653 3477202.780618 -0.134988 -0.000576 0.000438 -0.021558 
183 -169839.095140 3477202.815787 -0.134993 -0.000565 0.000339 -0.022539 
184 -169839.094437 3477202.848663 -0.135042 -0.000550 0.000285 -0.023027 
185 -169839.093651 3477202.878528 -0.135604 0.000050 0.000135 -0.023091 
186 -169839.092274 3477202.940408 -0.135543 0.000051 -0.000050 -0.023796 
187 -169839.091278 3477202.985918 -0.135313 -0.000250 -0.000249 -0.023807 
188 -169839.090560 3477203.019959 -0.136025 0.000541 -0.000266 -0.023862 
189 -169839.089862 3477203.055252 -0.135998 0.000548 -0.000346 -0.023927 
190 -169839.089056 3477203.095496 -0.136428 0.001044 -0.000446 -0.023986 
191 -169839.088085 3477203.147793 -0.135743 0.000260 -0.000621 -0.024113 
192 -169839.086888 3477203.211199 -0.135697 0.000218 -0.000750 -0.024278 
193 -169839.086259 3477203.261785 -0.135480 -0.000031 -0.000708 -0.024587 
194 -169839.085287 3477203.308838 -0.135138 -0.000420 -0.000713 -0.024601 
195 -169839.084105 3477203.362820 -0.135657 0.000119 -0.000696 -0.024621 
196 -169839.083007 3477203.411512 -0.135289 -0.000226 -0.000760 -0.024620 
197 -169839.082006 3477203.457906 -0.135548 0.000013 -0.000678 -0.024621 
198 -169839.081156 3477203.497676 -0.135478 -0.000020 -0.000699 -0.024623 
199 -169839.080399 3477203.532332 -0.135675 0.000198 -0.000623 -0.024625 
200 -169839.079662 3477203.569175 -0.135932 0.000492 -0.000653 -0.024638 
201 -169839.078666 3477203.619214 -0.136314 0.000920 -0.000745 -0.024667 
202 -169839.077694 3477203.673191 -0.137014 0.001677 -0.000822 -0.024821 
203 -169839.075350 3477203.776197 -0.137087 0.001697 -0.000508 -0.024987 
204 -169839.072523 3477203.890950 -0.136388 0.000911 -0.000491 -0.024962 
205 -169839.069125 3477204.032002 -0.135315 -0.000250 -0.000720 -0.024939 
206 -169839.066869 3477204.130616 -0.134060 -0.001616 -0.000748 -0.024973 
207 -169839.064960 3477204.210945 -0.135331 -0.000225 -0.000647 -0.024962 
208 -169839.063104 3477204.288550 -0.134684 -0.000901 -0.000816 -0.025656 
209 -169839.061893 3477204.344573 -0.134354 -0.001347 -0.001297 -0.026415 
210 -169839.060702 3477204.385440 -0.135746 0.000241 -0.001549 -0.026220 
211 -169839.059125 3477204.454468 -0.137892 0.002634 -0.001486 -0.026376 
212 -169839.057089 3477204.538372 -0.137685 0.002486 -0.001088 -0.026290 
213 -169839.053344 3477204.693814 -0.142414 0.007754 -0.001443 -0.026294 
214 -169839.047421 3477204.929598 -0.136679 0.001311 -0.002058 -0.026145 
215 -169839.042367 3477205.138201 -0.132152 -0.003768 -0.002397 -0.026013 
216 -169839.038715 3477205.292808 -0.134368 -0.001350 -0.002524 -0.025943 
217 -169839.035609 3477205.430826 -0.134591 -0.001093 -0.002283 -0.025967 
218 -169839.032904 3477205.540691 -0.135121 -0.000461 -0.002112 -0.027074 
219 -169839.030429 3477205.630403 -0.134803 -0.000811 -0.002431 -0.027813 
220 -169839.028783 3477205.691170 -0.134173 -0.001450 -0.002164 -0.028363 
221 -169839.027860 3477205.737847 -0.136021 0.000586 -0.002670 -0.028592 
222 -169839.026825 3477205.783738 -0.135420 -0.000127 -0.002211 -0.028858 
223 -169839.025902 3477205.830420 -0.136286 0.000853 -0.002299 -0.028651 
224 -169839.024247 3477205.894195 -0.136112 0.000673 -0.001739 -0.028493 
225 -169839.022470 3477205.951587 -0.135325 -0.000211 -0.001448 -0.028137 
226 -169839.020477 3477206.021062 -0.135408 -0.000141 -0.001296 -0.027811 
227 -169839.019047 3477206.076944 -0.135094 -0.000487 -0.001349 -0.027603 
228 -169839.017455 3477206.137217 -0.135508 -0.000031 -0.001309 -0.027426 
229 -169839.015785 3477206.192396 -0.135996 0.000523 -0.001354 -0.027180 
230 -169839.013695 3477206.258392 -0.135579 0.000034 -0.001223 -0.026715 
231 -169839.011810 3477206.313033 -0.135689 0.000192 -0.001417 -0.025966 
232 -169839.010863 3477206.362911 -0.135600 0.000084 -0.001441 -0.025964 
233 -169839.009271 3477206.427317 -0.137008 0.001650 -0.001158 -0.025759 
234 -169839.007806 3477206.485557 -0.135445 -0.000057 -0.000697 -0.025713 
235 -169839.006234 3477206.535708 -0.135450 -0.000007 -0.000900 -0.025437 
236 -169839.004882 3477206.595210 -0.135632 0.000144 -0.000987 -0.025565 
237 -169839.003353 3477206.653106 -0.135562 0.000064 -0.000699 -0.026110 
238 -169839.002103 3477206.698130 -0.135108 -0.000414 -0.000538 -0.026481 
239 -169839.001278 3477206.732393 -0.135128 -0.000516 -0.000695 -0.026653 
240 -169839.000472 3477206.762950 -0.136163 0.000656 -0.000748 -0.026431 
241 -169838.999506 3477206.801822 -0.136524 0.001143 -0.000659 -0.026323 
242 -169838.997894 3477206.858804 -0.135709 0.000216 -0.000341 -0.026166 
243 -169838.996244 3477206.918252 -0.135908 0.000391 0.000091 -0.026108 
244 -169838.994227 3477206.985870 -0.135862 0.000368 0.000327 -0.025930 
245 -169838.992343 3477207.051829 -0.136129 0.000716 0.000441 -0.025822 
246 -169838.990419 3477207.123487 -0.135733 0.000203 0.000439 -0.025768 
247 -169838.988700 3477207.187718 -0.134186 -0.001499 0.000606 -0.025724 
248 -169838.987450 3477207.236861 -0.134691 -0.000954 0.000006 -0.025662 
249 -169838.986381 3477207.274271 -0.135073 -0.000529 -0.000253 -0.025499 
250 -169838.985555 3477207.307098 -0.135146 -0.000439 -0.000332 -0.025455 
251 -169838.984833 3477207.335044 -0.135182 -0.000429 -0.000305 -0.025392 
252 -169838.984276 3477207.355557 -0.135469 -0.000061 -0.000159 -0.025330 
253 -169838.983627 3477207.380770 -0.136154 0.000716 -0.000095 -0.025288 
254 -169838.982538 3477207.419966 -0.135686 0.000193 -0.000193 -0.025229 
255 -169838.981615 3477207.459712 -0.136227 0.000800 -0.000200 -0.025274 
256 -169838.979804 3477207.509915 -0.136644 0.001299 0.000031 -0.024856 
257 -169838.978124 3477207.568277 -0.135790 0.000327 0.000697 -0.024831 
258 -169838.976405 3477207.628582 -0.136289 0.000817 0.000919 -0.024784 
259 -169838.974657 3477207.688538 -0.135999 0.000601 0.000852 -0.024737 
260 -169838.973085 3477207.741163 -0.136317 0.000934 0.000888 -0.024689 
261 -169838.971561 3477207.798833 -0.136800 0.001464 0.000869 -0.024872 
262 -169838.970126 3477207.853099 -0.135750 0.000276 0.000893 -0.025451 
263 -169838.969135 3477207.887698 -0.135621 0.000122 0.000531 -0.025472 
264 -169838.967972 3477207.927095 -0.136419 0.001031 0.000310 -0.025759 
265 -169838.966395 3477207.979004 -0.136672 0.001273 0.000529 -0.026748 
266 -169838.964608 3477208.040101 -0.135214 -0.000287 0.000862 -0.027241 
267 -169838.963514 3477208.077278 -0.135342 -0.000233 0.000643 -0.027303 
268 -169838.961967 3477208.122244 -0.135395 -0.000124 0.000716 -0.028056 
269 -169838.960355 3477208.164776 -0.135403 -0.000104 0.000844 -0.028226 
270 -169838.958983 3477208.207244 -0.134995 -0.000601 0.000544 -0.029071 
271 -169838.956898 3477208.266629 -0.135731 0.000272 0.000842 -0.029635 
272 -169838.954725 3477208.320342 -0.135575 0.000036 0.000897 -0.030551 
273 -169838.952557 3477208.382410 -0.136042 0.000604 0.000424 -0.032289 
274 -169838.951171 3477208.444900 -0.135798 0.000325 0.000551 -0.034064 
275 -169838.949320 3477208.523252 -0.135774 0.000223 0.000666 -0.036237 
276 -169838.947655 3477208.590530 -0.135042 -0.000511 0.000626 -0.038228 
277 -169838.945590 3477208.646070 -0.135486 -0.000037 0.000737 -0.038902 
278 -169838.943436 3477208.718987 -0.135712 0.000219 0.000700 -0.040842 
279 -169838.941342 3477208.776243 -0.135658 0.000107 0.000426 -0.042462 
280 -169838.939247 3477208.830252 -0.135423 -0.000060 0.000578 -0.043349 
281 -169838.936981 3477208.880120 -0.135893 0.000458 0.000496 -0.043924 
282 -169838.934144 3477208.949195 -0.136919 0.001536 0.000351 -0.044451 
283 -169838.931205 3477209.022769 -0.136538 0.001185 0.000078 -0.044834 
284 -169838.927855 3477209.106712 -0.135346 -0.000165 -0.000272 -0.045164 
285 -169838.924496 3477209.184234 -0.135842 0.000349 -0.000291 -0.045283 
286 -169838.921835 3477209.251719 -0.135149 -0.000443 -0.000230 -0.045536 
287 -169838.919227 3477209.313143 -0.135737 0.000270 -0.000178 -0.045706 
288 -169838.917211 3477209.363030 -0.135684 0.000213 -0.000034 -0.045946 
289 -169838.915365 3477209.415132 -0.135532 0.000020 0.000058 -0.046577 
290 -169838.913632 3477209.457881 -0.135414 -0.000087 0.000133 -0.046888 
291 -169838.911962 3477209.495345 -0.135412 -0.000091 -0.000084 -0.047029 
292 -169838.910038 3477209.537894 -0.135413 -0.000088 -0.000013 -0.047141 
293 -169838.908920 3477209.567227 -0.135808 0.000276 -0.000474 -0.047291 
294 -169838.906410 3477209.623165 -0.135803 0.000340 -0.000320 -0.047412 
295 -169838.904618 3477209.664656 -0.135880 0.000414 -0.000288 -0.047539 
296 -169838.901820 3477209.727986 -0.135971 0.000504 -0.000439 -0.047659 
297 -169838.899183 3477209.784627 -0.135326 -0.000194 -0.000645 -0.047727 
298 -169838.897352 3477209.827552 -0.136175 0.000737 -0.000529 -0.047785 
299 -169838.895424 3477209.868035 -0.135706 0.000232 -0.000551 -0.047772 
300 -169838.893724 3477209.909039 -0.135627 0.000157 -0.000591 -0.047907 
301 -169838.892562 3477209.939263 -0.135777 0.000314 -0.000773 -0.048011 
302 -169838.890780 3477209.981280 -0.136773 0.001429 -0.000794 -0.048109 
303 -169838.888280 3477210.038519 -0.136241 0.000823 -0.000899 -0.048211 
304 -169838.885575 3477210.098782 -0.134885 -0.000713 -0.001096 -0.048115 
305 -169838.883270 3477210.151590 -0.135676 0.000191 -0.001133 -0.048320 
306 -169838.880927 3477210.202537 -0.135056 -0.000515 -0.001195 -0.048496 
307 -169838.879672 3477210.234480 -0.135545 0.000028 -0.001342 -0.048543 
308 -169838.878544 3477210.268113 -0.135821 0.000289 -0.001410 -0.048654 
309 -169838.876727 3477210.312027 -0.136044 0.000573 -0.001376 -0.048725 
310 -169838.874257 3477210.367989 -0.135312 -0.000230 -0.001244 -0.048789 
311 -169838.872064 3477210.424146 -0.136118 0.000681 -0.001222 -0.049063 
312 -169838.868534 3477210.500665 -0.136329 0.000875 -0.001800 -0.048928 
313 -169838.865082 3477210.584764 -0.135508 -0.000047 -0.001972 -0.049055 
314 -169838.861937 3477210.659610 -0.135724 0.000236 -0.001897 -0.049144 
315 -169838.857802 3477210.754507 -0.135981 0.000516 -0.001961 -0.049234 
316 -169838.853773 3477210.842571 -0.135595 0.000105 -0.002052 -0.049244 
317 -169838.850394 3477210.919529 -0.135279 -0.000245 -0.001895 -0.049270 
318 -169838.847538 3477210.987127 -0.136373 0.000972 -0.001789 -0.049323 
319 -169838.845116 3477211.043023 -0.135762 0.000277 -0.001882 -0.049346 
320 -169838.842855 3477211.091243 -0.136110 0.000662 -0.001695 -0.049297 
321 -169838.840809 3477211.139114 -0.135676 0.000175 -0.001419 -0.049325 
322 -169838.838920 3477211.183938 -0.136757 0.001403 -0.001386 -0.049362 
323 -169838.836469 3477211.243121 -0.135901 0.000466 -0.001465 -0.049408 
324 -169838.833910 3477211.303750 -0.136269 0.000861 -0.001700 -0.049428 
325 -169838.831312 3477211.367237 -0.136348 0.000898 -0.001832 -0.049516 
326 -169838.827440 3477211.455381 -0.135483 -0.000026 -0.002032 -0.049590 
327 -169838.823905 3477211.535506 -0.135120 -0.000449 -0.002243 -0.049646 
328 -169838.821024 3477211.603567 -0.135137 -0.000467 -0.002328 -0.049680 
329 -169838.818231 3477211.663467 -0.135943 0.000478 -0.002311 -0.049594 
330 -169838.815985 3477211.721299 -0.135572 0.000079 -0.002322 -0.049702 
331 -169838.811024 3477211.832664 -0.139456 0.004379 -0.002588 -0.050404 
332 -169838.802577 3477212.001775 -0.135216 -0.000376 -0.002625 -0.052113 
333 -169838.796185 3477212.123907 -0.133464 -0.002309 -0.002989 -0.053335 
334 -169838.792450 3477212.200113 -0.133037 -0.002763 -0.002863 -0.052869 
335 -169838.789398 3477212.272715 -0.134720 -0.000906 -0.003246 -0.052911 
336 -169838.786097 3477212.344148 -0.135468 -0.000047 -0.003155 -0.052693 
337 -169838.782177 3477212.426673 -0.136258 0.000871 -0.002931 -0.053255 
338 -169838.776967 3477212.528323 -0.136460 0.001056 -0.002689 -0.054312 
339 -169838.771156 3477212.633155 -0.134921 -0.000708 -0.002376 -0.055305 
340 -169838.764740 3477212.747251 -0.135604 0.000100 -0.002516 -0.055835 
341 -169838.759935 3477212.840550 -0.134201 -0.001463 -0.002659 -0.056826 
342 -169838.756278 3477212.910948 -0.134151 -0.001554 -0.002572 -0.059362 
343 -169838.752679 3477212.972398 -0.134497 -0.001150 -0.002583 -0.059662 
344 -169838.749730 3477213.020774 -0.135029 -0.000561 -0.002539 -0.059539 
345 -169838.745726 3477213.082085 -0.137104 0.001761 -0.002479 -0.060268 
346 -169838.740668 3477213.163943 -0.137140 0.001809 -0.001712 -0.061095 
347 -169838.733934 3477213.273760 -0.134733 -0.000838 -0.001682 -0.064001 
348 -169838.728744 3477213.364195 -0.134429 -0.001190 -0.001625 -0.064993 
349 -169838.725302 3477213.428423 -0.134826 -0.000757 -0.001917 -0.066279 
350 -169838.722675 3477213.483221 -0.135581 0.000047 -0.001523 -0.067734 
351 -169838.720072 3477213.533875 -0.135888 0.000417 -0.001358 -0.069420 
352 -169838.714921 3477213.612967 -0.137628 0.002389 -0.001165 -0.070433 
353 -169838.708695 3477213.702259 -0.135415 -0.000127 -0.001356 -0.071424 
354 -169838.702660 3477213.787571 -0.134915 -0.000671 -0.001376 -0.072591 
355 -169838.697601 3477213.862293 -0.134460 -0.001181 -0.001401 -0.074031 
356 -169838.692841 3477213.926229 -0.136225 0.000750 -0.001081 -0.074036 
357 -169838.687499 3477213.998855 -0.134984 -0.000591 -0.001583 -0.074999 
358 -169838.682001 3477214.074563 -0.135128 -0.000455 -0.001207 -0.075680 
359 -169838.676937 3477214.140071 -0.135905 0.000448 -0.001150 -0.076820 
360 -169838.671386 3477214.210276 -0.136179 0.000742 -0.001121 -0.077056 
361 -169838.663832 3477214.307542 -0.137529 0.002227 -0.001638 -0.078643 
362 -169838.654179 3477214.426761 -0.136961 0.001572 -0.001684 -0.079540 
363 -169838.644447 3477214.547830 -0.135055 -0.000585 -0.001421 -0.081522 
364 -169838.635179 3477214.659549 -0.133368 -0.002455 -0.001223 -0.082267 
365 -169838.628173 3477214.742337 -0.134692 -0.000947 -0.000868 -0.082856 
366 -169838.620067 3477214.832093 -0.135538 0.000002 -0.000953 -0.084553 
367 -169838.612020 3477214.935047 -0.137086 0.001755 -0.000610 -0.086794 
368 -169838.603710 3477215.038538 -0.136170 0.000681 -0.000502 -0.088790 
369 -169838.594706 3477215.146731 -0.135107 -0.000471 -0.000796 -0.090632 
370 -169838.585321 3477215.254583 -0.136234 0.000768 -0.000472 -0.092447 
371 -169838.573436 3477215.390198 -0.136912 0.001559 -0.000774 -0.094699 
372 -169838.561122 3477215.523885 -0.134162 -0.001549 -0.000549 -0.096914 
373 -169838.549520 3477215.644227 -0.135369 -0.000160 -0.000594 -0.097300 
374 -169838.539589 3477215.746409 -0.134991 -0.000575 -0.000797 -0.098518 
375 -169838.529799 3477215.845828 -0.135232 -0.000307 -0.001023 -0.100292 
376 -169838.522089 3477215.923143 -0.134277 -0.001392 -0.000873 -0.102383 
377 -169838.515599 3477215.982684 -0.135254 -0.000318 -0.001231 -0.103771 
378 -169838.509511 3477216.039866 -0.134694 -0.000952 -0.001060 -0.105286 
379 -169838.505931 3477216.073406 -0.135071 -0.000526 -0.000871 -0.105503 
380 -169838.501947 3477216.108953 -0.135740 0.000238 -0.001032 -0.105568 
381 -169838.497719 3477216.142376 -0.135440 -0.000114 -0.000949 -0.105014 
382 -169838.491893 3477216.196014 -0.136575 0.001174 -0.000803 -0.105246 
383 -169838.487543 3477216.235613 -0.135747 0.000256 -0.000823 -0.105902 
384 -169838.483197 3477216.273631 -0.135598 0.000066 -0.000486 -0.105962 
385 -169838.479301 3477216.306351 -0.135761 0.000266 -0.000323 -0.106047 
386 -169838.474491 3477216.345682 -0.135797 0.000342 -0.000151 -0.105711 
387 -169838.469486 3477216.387444 -0.135558 0.000072 -0.000203 -0.105590 
388 -169838.465214 3477216.426854 -0.134977 -0.000579 -0.000311 -0.106201 
389 -169838.460306 3477216.467063 -0.135831 0.000290 -0.000322 -0.106484 
390 -169838.456405 3477216.510608 -0.135142 -0.000433 -0.000246 -0.108268 
391 -169838.452098 3477216.559617 -0.136164 0.000672 -0.000149 -0.110140 
392 -169838.445980 3477216.616243 -0.135330 -0.000270 -0.000079 -0.111377 
393 -169838.441410 3477216.664715 -0.135308 -0.000273 -0.000188 -0.113085 
394 -169838.436542 3477216.710462 -0.135306 -0.000289 -0.000257 -0.113923 
395 -169838.432533 3477216.753865 -0.134507 -0.001172 -0.000068 -0.115490 
396 -169838.427157 3477216.803333 -0.134640 -0.001015 0.000108 -0.116558 
397 -169838.421981 3477216.850335 -0.134990 -0.000618 0.000162 -0.117866 
398 -169838.417396 3477216.891771 -0.136001 0.000506 0.000276 -0.118628 
399 -169838.412621 3477216.933616 -0.136118 0.000715 0.000146 -0.119340 
400 -169838.405453 3477216.996771 -0.136497 0.001126 -0.000164 -0.121524 
401 -169838.397572 3477217.064959 -0.135532 0.000056 0.000056 -0.122849 
402 -169838.388632 3477217.137112 -0.136802 0.001396 0.000115 -0.123972 
403 -169838.379974 3477217.206956 -0.136795 0.001479 -0.000119 -0.123906 
404 -169838.371752 3477217.273445 -0.136534 0.001140 -0.000266 -0.123848 
405 -169838.362587 3477217.347835 -0.136245 0.000844 -0.000398 -0.123790 
406 -169838.353261 3477217.422898 -0.136059 0.000610 -0.000508 -0.123719 
407 -169838.343295 3477217.503855 -0.136461 0.001100 -0.000561 -0.123606 
408 -169838.334291 3477217.576907 -0.137092 0.001776 -0.000538 -0.123800 
409 -169838.325648 3477217.648362 -0.135134 -0.000402 -0.000383 -0.124819 
410 -169838.317606 3477217.712088 -0.135640 0.000152 -0.000833 -0.126152 
411 -169838.308026 3477217.786043 -0.135062 -0.000543 -0.000466 -0.127114 
412 -169838.299642 3477217.850506 -0.135785 0.000319 -0.000683 -0.128065 
413 -169838.290541 3477217.917977 -0.135497 0.000017 -0.000707 -0.129512 
414 -169838.282235 3477217.981160 -0.135225 -0.000345 -0.000446 -0.129889 
415 -169838.274711 3477218.038719 -0.135868 0.000410 -0.000282 -0.130962 
416 -169838.265658 3477218.106189 -0.136538 0.001121 -0.000138 -0.131247 
417 -169838.254257 3477218.188123 -0.136916 0.001554 -0.000703 -0.132197 
418 -169838.241605 3477218.278694 -0.136279 0.000824 -0.000289 -0.132395 
419 -169838.227123 3477218.382322 -0.136579 0.001183 -0.000466 -0.133481 
420 -169838.211625 3477218.503152 -0.135370 -0.000213 -0.000354 -0.137482 
421 -169838.200219 3477218.589026 -0.134993 -0.000585 -0.000170 -0.139130 
422 -169838.189159 3477218.672806 -0.135373 -0.000197 -0.000126 -0.141616 
423 -169838.175570 3477218.774017 -0.135905 0.000433 0.000033 -0.143742 
424 -169838.162679 3477218.860569 -0.134857 -0.000803 -0.000003 -0.145913 
425 -169838.148417 3477218.951751 -0.135078 -0.000515 -0.000105 -0.146695 
426 -169838.135609 3477219.038289 -0.135795 0.000265 0.000003 -0.146907 
427 -169838.123690 3477219.118582 -0.135744 0.000221 0.000076 -0.147761 
428 -169838.110927 3477219.204354 -0.135412 -0.000129 -0.000188 -0.149444 
429 -169838.099437 3477219.273958 -0.135611 0.000137 0.000178 -0.149342 
430 -169838.086122 3477219.356307 -0.135447 -0.000101 -0.000149 -0.149719 
431 -169838.073319 3477219.439666 -0.135537 0.000003 -0.000042 -0.149890 
432 -169838.059628 3477219.529437 -0.135120 -0.000452 -0.000388 -0.151613 
433 -169838.048969 3477219.599480 -0.133972 -0.001738 -0.000046 -0.151507 
434 -169838.038871 3477219.663704 -0.135040 -0.000511 0.000064 -0.152142 
435 -169838.031141 3477219.712435 -0.134917 -0.000694 0.000211 -0.151983 
436 -169838.024613 3477219.752791 -0.135109 -0.000480 0.000237 -0.151736 
437 -169838.017206 3477219.798235 -0.136029 0.000517 0.000217 -0.151668 
438 -169838.007421 3477219.859954 -0.136792 0.001428 0.000426 -0.152017 
439 -169837.996522 3477219.926199 -0.136669 0.001307 0.000178 -0.152816 
440 -169837.984808 3477219.997439 -0.135961 0.000494 0.000354 -0.152907 
441 -169837.973471 3477220.064949 -0.135938 0.000454 0.000565 -0.152983 
442 -169837.962084 3477220.142562 -0.135574 0.000033 0.000868 -0.155029 
443 -169837.945087 3477220.255340 -0.136741 0.001362 0.001075 -0.157713 
444 -169837.926996 3477220.371517 -0.134987 -0.000626 0.001005 -0.158515 
445 -169837.910863 3477220.470311 -0.133884 -0.001832 0.001111 -0.158635 
446 -169837.896068 3477220.564061 -0.135265 -0.000290 0.001307 -0.159437 
447 -169837.880868 3477220.661019 -0.136752 0.001399 0.001466 -0.160373 
448 -169837.863651 3477220.768748 -0.136744 0.001351 0.001176 -0.161414 
449 -169837.848055 3477220.864617 -0.134706 -0.000891 0.001128 -0.164646 
450 -169837.837391 3477220.930291 -0.135472 -0.000027 0.001296 -0.165394 
451 -169837.822684 3477221.018367 -0.135165 -0.000336 0.001131 -0.165797 
452 -169837.810341 3477221.091111 -0.135414 -0.000112 0.000896 -0.165850 
453 -169837.793466 3477221.192151 -0.135354 -0.000216 0.000885 -0.166428 
454 -169837.774945 3477221.302200 -0.137007 0.001673 0.000316 -0.168568 
455 -169837.752733 3477221.429988 -0.136063 0.000560 0.000761 -0.170668 
456 -169837.731244 3477221.554485 -0.134696 -0.000972 0.001086 -0.173646 
457 -169837.714896 3477221.646966 -0.133737 -0.001956 0.000553 -0.174082 
458 -169837.703158 3477221.712786 -0.134046 -0.001663 0.000513 -0.174116 
459 -169837.694076 3477221.763699 -0.134309 -0.001324 0.000374 -0.173981 
460 -169837.687758 3477221.798846 -0.134492 -0.001118 0.000259 -0.173941 
461 -169837.681791 3477221.831946 -0.135310 -0.000196 0.000265 -0.174295 
462 -169837.676415 3477221.861751 -0.136085 0.000589 0.000259 -0.174166 
463 -169837.669608 3477221.899285 -0.135911 0.000436 0.000219 -0.174433 
464 -169837.662924 3477221.937220 -0.136013 0.000567 0.000218 -0.174625 
465 -169837.657382 3477221.969017 -0.135320 -0.000199 -0.000076 -0.174708 
466 -169837.650868 3477222.006180 -0.135655 0.000137 0.000222 -0.174833 
467 -169837.642787 3477222.050691 -0.136151 0.000677 0.000189 -0.174895 
468 -169837.634315 3477222.098470 -0.135959 0.000510 -0.000039 -0.175031 
469 -169837.623016 3477222.160833 -0.136811 0.001418 0.000141 -0.174904 
470 -169837.611688 3477222.223992 -0.135923 0.000519 -0.000038 -0.175938 
471 -169837.599984 3477222.288699 -0.134623 -0.001031 -0.000086 -0.176477 
472 -169837.588959 3477222.348431 -0.135150 -0.000461 -0.000077 -0.176128 
473 -169837.576625 3477222.415931 -0.135610 0.000074 0.000144 -0.175996 
474 -169837.562972 3477222.491634 -0.134965 -0.000715 0.000084 -0.176604 
475 -169837.549550 3477222.566146 -0.135433 -0.000118 0.000222 -0.176499 
476 -169837.539999 3477222.620042 -0.135158 -0.000422 0.000291 -0.176404 
477 -169837.529017 3477222.679607 -0.136120 0.000688 0.000461 -0.176700 
478 -169837.519760 3477222.729729 -0.135249 -0.000231 0.000486 -0.177202 
479 -169837.506185 3477222.803357 -0.135689 0.000201 0.000547 -0.178034 
480 -169837.493680 3477222.867596 -0.135419 -0.000117 0.000710 -0.178944 
481 -169837.481840 3477222.934690 -0.136467 0.001064 0.000683 -0.180635 
482 -169837.469642 3477223.005921 -0.136490 0.001095 0.000911 -0.182955 
483 -169837.453910 3477223.092659 -0.136449 0.001066 0.000701 -0.184653 
484 -169837.439349 3477223.172635 -0.135713 0.000226 0.000556 -0.186670 
485 -169837.426840 3477223.240657 -0.134766 -0.000862 0.000529 -0.188937 
486 -169837.416805 3477223.291863 -0.135262 -0.000260 0.000507 -0.190051 
487 -169837.406669 3477223.347059 -0.135263 -0.000329 0.000412 -0.191389 
488 -169837.398285 3477223.391692 -0.135301 -0.000230 0.000065 -0.192597 
489 -169837.392865 3477223.420540 -0.135613 0.000094 -0.000043 -0.193605 
490 -169837.386234 3477223.455418 -0.136631 0.001288 0.000083 -0.194177 
491 -169837.378075 3477223.497342 -0.136555 0.001243 -0.000223 -0.195801 
492 -169837.367636 3477223.549583 -0.135253 -0.000260 -0.000275 -0.196669 
493 -169837.356713 3477223.603831 -0.135904 0.000387 -0.000429 -0.198096 
494 -169837.343661 3477223.667986 -0.136967 0.001613 -0.000205 -0.198834 
495 -169837.330468 3477223.732903 -0.135713 0.000285 -0.000097 -0.199884 
496 -169837.316322 3477223.800994 -0.135715 0.000258 -0.000058 -0.200174 
497 -169837.304203 3477223.860589 -0.135385 -0.000159 -0.000151 -0.200692 
498 -169837.292284 3477223.917757 -0.136385 0.000967 -0.000018 -0.200929 
499 -169837.279393 3477223.979617 -0.136474 0.001053 -0.000009 -0.201401 
500 -169837.264642 3477224.048538 -0.135947 0.000452 -0.000118 -0.202893 
501 -169837.251679 3477224.112640 -0.135791 0.000336 0.000102 -0.203810 
502 -169837.236571 3477224.183528 -0.136074 0.000630 0.000064 -0.203982 
503 -169837.219642 3477224.261297 -0.137115 0.001821 -0.000134 -0.205663 
504 -169837.204681 3477224.335071 -0.135971 0.000479 0.000295 -0.207149 
505 -169837.192387 3477224.396185 -0.134750 -0.000790 0.000583 -0.208910 
506 -169837.182494 3477224.444969 -0.135900 0.000453 0.000821 -0.210156 
507 -169837.170209 3477224.503499 -0.136246 0.000817 0.000880 -0.210884 
508 -169837.156200 3477224.569334 -0.135859 0.000381 0.000521 -0.211555 
509 -169837.144008 3477224.629563 -0.135361 -0.000187 0.000309 -0.213685 
510 -169837.133588 3477224.679393 -0.136042 0.000554 0.000271 -0.214926 
511 -169837.124125 3477224.724720 -0.136107 0.000667 0.000412 -0.217408 
512 -169837.113348 3477224.773543 -0.136251 0.000822 0.000407 -0.217976 
513 -169837.102094 3477224.824764 -0.136834 0.001447 0.000176 -0.219081 
514 -169837.087011 3477224.893191 -0.136757 0.001380 0.000403 -0.221130 
515 -169837.073798 3477224.952103 -0.135195 -0.000374 0.000289 -0.221967 
516 -169837.062421 3477225.001692 -0.135563 0.000080 0.000081 -0.222991 
517 -169837.052675 3477225.044207 -0.135885 0.000425 0.000045 -0.222871 
518 -169837.044364 3477225.080604 -0.135710 0.000198 0.000019 -0.222754 
519 -169837.031215 3477225.138738 -0.136042 0.000558 -0.000139 -0.222683 
520 -169837.017421 3477225.199490 -0.135543 0.000032 -0.000250 -0.222583 
521 -169837.002831 3477225.265081 -0.134866 -0.000780 -0.000279 -0.222668 
522 -169836.993051 3477225.309783 -0.134843 -0.000759 -0.000152 -0.222889 
523 -169836.985150 3477225.343973 -0.135203 -0.000386 -0.000265 -0.222870 
524 -169836.977147 3477225.378851 -0.135334 -0.000263 -0.000199 -0.222924 
525 -169836.971796 3477225.404700 -0.135097 -0.000483 -0.000024 -0.223869 
526 -169836.965531 3477225.431634 -0.136315 0.000857 -0.000115 -0.223876 
527 -169836.956976 3477225.468558 -0.136953 0.001581 -0.000394 -0.224380 
528 -169836.943720 3477225.525042 -0.136512 0.001096 -0.000125 -0.224632 
529 -169836.930912 3477225.581097 -0.135076 -0.000510 -0.000259 -0.225516 
530 -169836.919706 3477225.628948 -0.134574 -0.001105 -0.000204 -0.225835 
531 -169836.910902 3477225.666790 -0.135041 -0.000587 -0.000058 -0.226091 
532 -169836.903627 3477225.698567 -0.135163 -0.000412 -0.000116 -0.226330 
533 -169836.893148 3477225.741556 -0.135902 0.000422 0.000043 -0.226672 
534 -169836.876649 3477225.811683 -0.137043 0.001656 0.000020 -0.227200 
535 -169836.858095 3477225.890359 -0.136190 0.000729 -0.000112 -0.227745 
536 -169836.841542 3477225.960169 -0.136581 0.001146 -0.000149 -0.227965 
537 -169836.822050 3477226.043050 -0.134588 -0.001024 -0.000234 -0.227485 
538 -169836.807728 3477226.103665 -0.134269 -0.001447 0.000068 -0.227896 
539 -169836.796088 3477226.150262 -0.135491 -0.000031 0.000310 -0.227684 
540 -169836.783485 3477226.204095 -0.135451 -0.000053 0.000608 -0.227721 
541 -169836.770111 3477226.258074 -0.135711 0.000172 0.000277 -0.228118 
542 -169836.757347 3477226.313440 -0.135555 0.000032 0.000832 -0.228500 
543 -169836.744623 3477226.370906 -0.135287 -0.000306 0.001001 -0.230237 
544 -169836.733856 3477226.419905 -0.135395 -0.000187 0.000776 -0.232212 
545 -169836.724867 3477226.459778 -0.135056 -0.000502 0.000725 -0.233068 
546 -169836.714935 3477226.503465 -0.136800 0.001480 0.000766 -0.233810 
547 -169836.705477 3477226.545145 -0.135692 0.000239 0.000600 -0.234659 
548 -169836.690629 3477226.609271 -0.136104 0.000706 0.001033 -0.236896 
549 -169836.680267 3477226.652854 -0.135322 -0.000228 0.000789 -0.237746 
550 -169836.668749 3477226.699866 -0.135812 0.000299 0.000641 -0.238349 
551 -169836.656820 3477226.747562 -0.135038 -0.000582 0.000315 -0.238512 
552 -169836.648544 3477226.782566 -0.135730 0.000257 0.000241 -0.239396 
553 -169836.639315 3477226.824920 -0.135339 -0.000240 0.000226 -0.240623 
554 -169836.628886 3477226.868514 -0.136060 0.000617 0.000271 -0.240942 
555 -169836.619276 3477226.908221 -0.135639 0.000143 0.000310 -0.241253 
556 -169836.610951 3477226.942586 -0.135067 -0.000552 -0.000012 -0.242152 
557 -169836.604428 3477226.968772 -0.135275 -0.000263 0.000204 -0.242554 
558 -169836.597758 3477226.996219 -0.135426 -0.000116 0.000047 -0.243028 
559 -169836.591498 3477227.022356 -0.135906 0.000419 0.000085 -0.243600 
560 -169836.584535 3477227.051912 -0.136338 0.000934 -0.000058 -0.244018 
561 -169836.574242 3477227.093128 -0.135560 0.000043 0.000082 -0.245680 
562 -169836.567230 3477227.121287 -0.135325 -0.000221 -0.000170 -0.245670 
563 -169836.560057 3477227.149842 -0.135734 0.000266 -0.000057 -0.245659 
564 -169836.550575 3477227.188187 -0.135973 0.000551 -0.000345 -0.245950 
565 -169836.536669 3477227.243328 -0.136331 0.000901 -0.000147 -0.246689 
566 -169836.526581 3477227.286346 -0.134809 -0.000743 -0.000377 -0.248605 
567 -169836.514872 3477227.333631 -0.137651 0.002377 -0.000289 -0.249038 
568 -169836.488168 3477227.436771 -0.136764 0.001349 -0.000244 -0.249761 
569 -169836.461825 3477227.539568 -0.137137 0.001844 -0.000592 -0.249453 
570 -169836.437181 3477227.635003 -0.135504 0.000043 -0.000840 -0.248923 
571 -169836.414852 3477227.720921 -0.135577 0.000097 -0.001021 -0.250277 
572 -169836.398563 3477227.784090 -0.135672 0.000222 -0.000841 -0.250563 
573 -169836.379525 3477227.856888 -0.136043 0.000641 -0.000961 -0.252186 
574 -169836.362616 3477227.923465 -0.135892 0.000424 -0.000866 -0.252947 
575 -169836.345702 3477227.986600 -0.136035 0.000584 -0.000753 -0.252941 
576 -169836.327753 3477228.055115 -0.134879 -0.000684 -0.000985 -0.255180 
577 -169836.316224 3477228.096233 -0.135066 -0.000521 -0.000822 -0.255337 
578 -169836.304589 3477228.137601 -0.136243 0.000806 -0.000606 -0.254532 
579 -169836.290580 3477228.193182 -0.135917 0.000456 -0.000387 -0.256454 
580 -169836.280072 3477228.235408 -0.135103 -0.000485 -0.000728 -0.257399 
581 -169836.270868 3477228.273270 -0.135997 0.000564 -0.000543 -0.258743 
582 -169836.260126 3477228.315418 -0.135755 0.000297 -0.000632 -0.260104 
583 -169836.251439 3477228.348260 -0.135890 0.000398 -0.000254 -0.261075 
584 -169836.242675 3477228.383143 -0.135518 0.000063 -0.000524 -0.262317 
585 -169836.232572 3477228.422034 -0.135762 0.000243 -0.000489 -0.263789 
586 -169836.224237 3477228.454671 -0.135401 -0.000160 -0.000519 -0.264678 
587 -169836.217538 3477228.481658 -0.135299 -0.000254 -0.000519 -0.266120 
588 -169836.211659 3477228.504744 -0.136157 0.000726 -0.000471 -0.267178 
589 -169836.199203 3477228.551033 -0.136395 0.000981 -0.000796 -0.268671 
590 -169836.186752 3477228.596517 -0.135290 -0.000268 -0.000480 -0.269778 
591 -169836.173715 3477228.644441 -0.135538 -0.000011 -0.000723 -0.270783 
592 -169836.162025 3477228.686585 -0.135093 -0.000515 -0.000907 -0.271590 
593 -169836.152274 3477228.721775 -0.135998 0.000528 -0.000810 -0.271851 
594 -169836.141620 3477228.760110 -0.136302 0.000880 -0.000638 -0.271908 
595 -169836.127582 3477228.810179 -0.136100 0.000632 -0.000704 -0.271809 
596 -169836.114110 3477228.858963 -0.136769 0.001402 -0.000720 -0.271824 
597 -169836.097987 3477228.917640 -0.136382 0.000973 -0.000895 -0.271776 
598 -169836.080394 3477228.981536 -0.136750 0.001411 -0.001041 -0.272155 
599 -169836.061195 3477229.049261 -0.136056 0.000635 -0.000839 -0.272132 
600 -169836.037904 3477229.133475 -0.136474 0.001103 -0.000909 -0.271981 
601 -169836.018544 3477229.203128 -0.135757 0.000288 -0.000802 -0.271864 
602 -169835.983588 3477229.328479 -0.139900 0.004837 -0.000454 -0.271730 
603 -169835.940736 3477229.482273 -0.139979 0.004962 -0.000592 -0.271541 
604 -169835.882025 3477229.693445 -0.136680 0.001301 -0.000952 -0.271424 
605 -169835.832802 3477229.870691 -0.134211 -0.001490 -0.001297 -0.271317 
606 -169835.800990 3477229.985364 -0.133690 -0.002031 -0.001333 -0.271250 
607 -169835.779027 3477230.065271 -0.134130 -0.001540 -0.001475 -0.271343 
608 -169835.756561 3477230.145574 -0.135146 -0.000425 -0.001263 -0.271264 
609 -169835.741674 3477230.200359 -0.134892 -0.000688 -0.001372 -0.271248 
610 -169835.726620 3477230.255179 -0.136043 0.000607 -0.001071 -0.271217 
611 -169835.709149 3477230.318748 -0.135529 0.000002 -0.001056 -0.271206 
612 -169835.693339 3477230.376351 -0.135289 -0.000287 -0.001128 -0.271174 
613 -169835.679638 3477230.426287 -0.135843 0.000383 -0.001013 -0.271151 
614 -169835.667118 3477230.471766 -0.136307 0.000891 -0.000658 -0.271119 
615 -169835.653563 3477230.520633 -0.136182 0.000729 -0.000495 -0.270901 
616 -169835.637894 3477230.577693 -0.137191 0.001865 -0.000567 -0.270870 
617 -169835.613905 3477230.664290 -0.137015 0.001680 -0.000515 -0.270825 
618 -169835.590922 3477230.747396 -0.135760 0.000262 -0.000602 -0.270777 
619 -169835.566859 3477230.834300 -0.134632 -0.000985 -0.000593 -0.270741 
620 -169835.544579 3477230.914642 -0.134055 -0.001659 -0.000682 -0.270668 
621 -169835.526737 3477230.979300 -0.135366 -0.000219 -0.000527 -0.270640 
622 -169835.507572 3477231.049075 -0.135970 0.000467 -0.000533 -0.270718 
623 -169835.491063 3477231.109988 -0.135771 0.000296 -0.000561 -0.270952 
624 -169835.473783 3477231.172337 -0.135178 -0.000394 -0.000567 -0.270888 
625 -169835.459213 3477231.225120 -0.135375 -0.000156 -0.000471 -0.270877 
626 -169835.446185 3477231.272415 -0.135910 0.000473 -0.000271 -0.270915 
627 -169835.429745 3477231.331648 -0.136567 0.001177 -0.000356 -0.270843 
628 -169835.414022 3477231.387601 -0.135544 0.000048 -0.000448 -0.270598 
629 -169835.398842 3477231.442361 -0.137320 0.002052 -0.000172 -0.270550 
630 -169835.381967 3477231.503318 -0.137155 0.001860 -0.000332 -0.270543 
631 -169835.363031 3477231.571893 -0.136350 0.000962 -0.000254 -0.270512 
632 -169835.344257 3477231.639686 -0.136838 0.001498 -0.000140 -0.270484 
633 -169835.323129 3477231.715799 -0.136555 0.001211 -0.000013 -0.270419 
634 -169835.302499 3477231.790218 -0.137027 0.001743 -0.000147 -0.270376 
635 -169835.277728 3477231.880003 -0.137158 0.001861 -0.000403 -0.270395 
636 -169835.252391 3477231.971365 -0.135568 0.000100 -0.000268 -0.270361 
637 -169835.230980 3477232.048465 -0.136473 0.001135 0.000100 -0.270336 
638 -169835.204872 3477232.142776 -0.136515 0.001150 -0.000148 -0.270315 
639 -169835.177054 3477232.243499 -0.136456 0.001069 -0.000321 -0.270328 
640 -169835.153285 3477232.329100 -0.136018 0.000579 -0.000068 -0.270298 
641 -169835.125482 3477232.429417 -0.136022 0.000583 -0.000153 -0.270275 
642 -169835.097396 3477232.530843 -0.134701 -0.000940 -0.000122 -0.270299 
643 -169835.072645 3477232.620008 -0.136115 0.000664 -0.000144 -0.271022 
644 -169835.043973 3477232.722791 -0.135950 0.000456 -0.000247 -0.272096 
645 -169835.021405 3477232.802537 -0.135104 -0.000432 -0.000666 -0.275085 
646 -169835.006576 3477232.854700 -0.134748 -0.000831 -0.000179 -0.275302 
647 -169834.995175 3477232.894969 -0.135388 -0.000162 -0.000240 -0.276120 
648 -169834.977142 3477232.957029 -0.136214 0.000738 -0.000373 -0.277262 
649 -169834.957411 3477233.025354 -0.136502 0.001067 -0.000543 -0.277634 
650 -169834.937567 3477233.095735 -0.135434 -0.000121 -0.000279 -0.278485 
651 -169834.918544 3477233.160716 -0.135968 0.000482 -0.000412 -0.279738 
652 -169834.893285 3477233.246067 -0.135225 -0.000348 -0.001007 -0.280045 
653 -169834.869852 3477233.327151 -0.135623 0.000085 -0.001279 -0.282438 
654 -169834.843368 3477233.421233 -0.136367 0.000903 -0.000485 -0.283729 
655 -169834.815814 3477233.517610 -0.136848 0.001437 -0.000884 -0.285600 
656 -169834.784901 3477233.622464 -0.136417 0.001007 -0.001365 -0.287302 
657 -169834.758070 3477233.713558 -0.134377 -0.001289 -0.001238 -0.288437 
658 -169834.730238 3477233.810135 -0.135843 0.000359 -0.001221 -0.290124 
659 -169834.702289 3477233.903099 -0.134909 -0.000716 -0.001375 -0.291557 
660 -169834.677987 3477233.984197 -0.134474 -0.001204 -0.001529 -0.293378 
661 -169834.659262 3477234.048504 -0.134646 -0.001007 -0.000956 -0.294749 
662 -169834.644169 3477234.098709 -0.135013 -0.000600 -0.000980 -0.295266 
663 -169834.633143 3477234.135608 -0.135032 -0.000603 -0.001148 -0.295995 
664 -169834.621156 3477234.176355 -0.134988 -0.000639 -0.000804 -0.296765 
665 -169834.611532 3477234.207986 -0.135086 -0.000526 -0.000729 -0.297557 
666 -169834.602548 3477234.236116 -0.134741 -0.000873 -0.000747 -0.297927 
667 -169834.592343 3477234.268401 -0.135694 0.000175 -0.000689 -0.297860 
668 -169834.578881 3477234.309422 -0.135726 0.000210 -0.000773 -0.298454 
669 -169834.567216 3477234.347312 -0.135410 -0.000162 -0.000529 -0.299458 
670 -169834.555360 3477234.385979 -0.135732 0.000210 -0.000434 -0.299989 
671 -169834.545438 3477234.420755 -0.135354 -0.000179 -0.000425 -0.301687 
672 -169834.534872 3477234.453899 -0.136292 0.000849 -0.000371 -0.302149 
673 -169834.517826 3477234.508860 -0.136009 0.000516 -0.000532 -0.303029 
674 -169834.504052 3477234.551541 -0.136151 0.000733 -0.000471 -0.302917 
675 -169834.490907 3477234.593602 -0.136136 0.000703 -0.000381 -0.303541 
676 -169834.475516 3477234.640999 -0.136080 0.000655 -0.000597 -0.304411 
677 -169834.461166 3477234.683450 -0.136705 0.001355 -0.000230 -0.303729 
678 -169834.449022 3477234.723123 -0.136715 0.001359 -0.000324 -0.304721 
679 -169834.434037 3477234.771580 -0.136948 0.001631 -0.000136 -0.305622 
680 -169834.420057 3477234.818470 -0.136382 0.000994 -0.000380 -0.307886 
681 -169834.405238 3477234.870105 -0.136881 0.001568 0.000140 -0.310531 
682 -169834.389926 3477234.921604 -0.135338 -0.000184 -0.000256 -0.314055 
683 -169834.375599 3477234.968650 -0.135373 -0.000182 -0.000344 -0.316451 
684 -169834.361522 3477235.012063 -0.135601 0.000091 -0.000245 -0.317123 
685 -169834.347914 3477235.053924 -0.135440 -0.000092 -0.000327 -0.317796 
686 -169834.337977 3477235.084251 -0.135892 0.000407 -0.000295 -0.318641 
687 -169834.326107 3477235.121443 -0.135095 -0.000491 -0.000118 -0.319487 
688 -169834.318129 3477235.146756 -0.135624 0.000101 -0.000334 -0.320241 
689 -169834.308900 3477235.174427 -0.136272 0.000842 -0.000412 -0.320427 
690 -169834.299403 3477235.203445 -0.135863 0.000417 -0.000524 -0.320975 
691 -169834.290848 3477235.229495 -0.135515 -0.000012 -0.000484 -0.321340 
692 -169834.279008 3477235.265325 -0.135750 0.000237 -0.000315 -0.321770 
693 -169834.265145 3477235.306722 -0.135400 -0.000151 -0.000299 -0.321585 
694 -169834.254335 3477235.338870 -0.136119 0.000657 -0.000272 -0.321388 
695 -169834.234564 3477235.398006 -0.136943 0.001619 -0.000327 -0.321231 
696 -169834.214872 3477235.457659 -0.136718 0.001346 -0.000726 -0.321329 
697 -169834.195883 3477235.515149 -0.136041 0.000572 -0.000911 -0.321252 
698 -169834.177089 3477235.571805 -0.136147 0.000699 -0.000672 -0.321138 
699 -169834.159623 3477235.624676 -0.136265 0.000855 -0.000701 -0.321094 
700 -169834.138856 3477235.687688 -0.136207 0.000765 -0.000802 -0.321014 
701 -169834.115077 3477235.759520 -0.136432 0.001049 -0.000600 -0.320937 
702 -169834.090595 3477235.833523 -0.136961 0.001651 -0.000535 -0.320863 
703 -169834.060092 3477235.925530 -0.135486 -0.000013 -0.000785 -0.320772 
704 -169834.038231 3477235.991727 -0.134863 -0.000760 -0.000909 -0.320534 
705 -169834.009921 3477236.077142 -0.135425 -0.000154 -0.000779 -0.320420 
706 -169833.987494 3477236.145301 -0.134579 -0.001066 -0.000707 -0.320444 
707 -169833.966810 3477236.207708 -0.135993 0.000495 -0.000597 -0.320315 
708 -169833.939701 3477236.289461 -0.136744 0.001330 -0.000360 -0.320245 
709 -169833.910472 3477236.378226 -0.135028 -0.000571 -0.000796 -0.320213 
710 -169833.883671 3477236.459412 -0.134586 -0.001093 -0.000862 -0.320168 
711 -169833.854130 3477236.549065 -0.135894 0.000365 -0.000837 -0.320131 
712 -169833.821923 3477236.646761 -0.134454 -0.001242 -0.001266 -0.320058 
713 -169833.794882 3477236.728636 -0.134675 -0.000946 -0.001208 -0.319975 
714 -169833.775604 3477236.787156 -0.134773 -0.000821 -0.000928 -0.319979 
715 -169833.757162 3477236.843055 -0.134558 -0.001100 -0.000829 -0.319927 
716 -169833.741229 3477236.891551 -0.135358 -0.000182 -0.000755 -0.319843 
717 -169833.724808 3477236.941512 -0.135212 -0.000352 -0.000799 -0.319801 
718 -169833.709076 3477236.989563 -0.135922 0.000417 -0.000721 -0.319788 
719 -169833.690365 3477237.046175 -0.136408 0.000969 -0.000473 -0.319720 
720 -169833.665531 3477237.121580 -0.136785 0.001381 -0.000568 -0.319694 
721 -169833.644569 3477237.184510 -0.135569 0.000033 -0.000678 -0.319501 
722 -169833.621068 3477237.256131 -0.136018 0.000550 -0.000681 -0.319506 
723 -169833.592753 3477237.342288 -0.137069 0.001716 -0.000712 -0.319518 
724 -169833.564515 3477237.428338 -0.136753 0.001380 -0.000827 -0.319516 
725 -169833.530971 3477237.530267 -0.135340 -0.000229 -0.000925 -0.319503 
726 -169833.502816 3477237.616072 -0.135651 0.000115 -0.000819 -0.319515 
727 -169833.474330 3477237.702415 -0.136204 0.000741 -0.000504 -0.319501 
728 -169833.449296 3477237.778670 -0.135775 0.000305 -0.000701 -0.319512 
729 -169833.422689 3477237.859344 -0.135235 -0.000321 -0.000643 -0.319488 
730 -169833.396913 3477237.937786 -0.135622 0.000097 -0.000696 -0.319495 
731 -169833.370248 3477238.018763 -0.134948 -0.000662 -0.000781 -0.319471 
732 -169833.345468 3477238.093724 -0.135284 -0.000266 -0.000703 -0.319443 
733 -169833.328241 3477238.145916 -0.134582 -0.001058 -0.000630 -0.319391 
734 -169833.314003 3477238.189300 -0.135780 0.000271 -0.000461 -0.319388 
735 -169833.301503 3477238.227742 -0.135742 0.000251 -0.000651 -0.319446 
736 -169833.287601 3477238.270091 -0.135918 0.000447 -0.000483 -0.319442 
737 -169833.270741 3477238.321409 -0.136411 0.001018 -0.000499 -0.319434 
738 -169833.253588 3477238.373572 -0.136337 0.000917 -0.000507 -0.319467 
739 -169833.235131 3477238.429446 -0.136481 0.001086 -0.000525 -0.319407 
740 -169833.212968 3477238.496722 -0.135365 -0.000206 -0.000626 -0.319398 
741 -169833.188724 3477238.570027 -0.135766 0.000213 -0.000334 -0.319383 
742 -169833.167411 3477238.634505 -0.136318 0.000855 -0.000316 -0.319368 
743 -169833.144628 3477238.703611 -0.134751 -0.000869 -0.000538 -0.319350 
744 -169833.129125 3477238.750794 -0.135266 -0.000305 -0.000555 -0.319342 
745 -169833.115302 3477238.793055 -0.134957 -0.000638 -0.000668 -0.319333 
746 -169833.102689 3477238.831790 -0.135836 0.000350 -0.000505 -0.319390 
747 -169833.087015 3477238.879300 -0.136818 0.001426 -0.000355 -0.319380 
748 -169833.068607 3477238.934695 -0.137338 0.002036 -0.000041 -0.319271 
749 -169833.047440 3477238.999129 -0.136911 0.001588 -0.000263 -0.319280 
750 -169833.024364 3477239.069568 -0.137259 0.001989 -0.000456 -0.319318 
751 -169833.002118 3477239.137371 -0.136425 0.001052 -0.000578 -0.319343 
752 -169832.972855 3477239.226019 -0.135943 0.000505 -0.000436 -0.319330 
753 -169832.936498 3477239.336048 -0.135955 0.000460 -0.000637 -0.319247 
754 -169832.904315 3477239.433445 -0.136273 0.000842 -0.000679 -0.319227 
755 -169832.876722 3477239.517771 -0.135517 -0.000019 -0.000965 -0.319272 
756 -169832.853690 3477239.588177 -0.135988 0.000528 -0.000814 -0.319312 
757 -169832.831835 3477239.654559 -0.136036 0.000583 -0.000634 -0.319297 
758 -169832.808651 3477239.725228 -0.135482 -0.000038 -0.000699 -0.319316 
759 -169832.785560 3477239.795301 -0.134912 -0.000698 -0.000735 -0.319292 
760 -169832.769105 3477239.845750 -0.135949 0.000463 -0.000651 -0.319563 
761 -169832.752196 3477239.896917 -0.136287 0.000865 -0.000515 -0.319539 
762 -169832.736937 3477239.943230 -0.135908 0.000438 -0.000435 -0.319516 
763 -169832.725619 3477239.977752 -0.136454 0.001058 -0.000368 -0.319498 
764 -169832.710067 3477240.025120 -0.136440 0.001050 -0.000526 -0.319493 
765 -169832.694843 3477240.072073 -0.137508 0.002270 -0.000689 -0.319634 
766 -169832.644071 3477240.225408 -0.142285 0.007572 -0.000647 -0.319553 
767 -169832.576356 3477240.430516 -0.137444 0.002142 -0.000929 -0.319520 
768 -169832.522499 3477240.593772 -0.136317 0.000893 -0.001055 -0.319469 
769 -169832.407382 3477240.943909 -0.148305 0.013788 -0.000463 -0.319472 
770 -169832.235785 3477241.453226 -0.140182 0.015114 -0.013701 -0.320444 
771 -169832.102377 3477241.861438 -0.135565 -0.006525 0.001442 -0.318204 
772 -169831.993427 3477242.193548 -0.129949 -0.007470 -0.000888 -0.318314 
773 -169831.931581 3477242.381790 -0.129871 -0.006598 -0.001038 -0.318352 
774 -169831.879965 3477242.539974 -0.137475 0.001989 -0.001533 -0.318458 
775 -169831.780013 3477242.843943 -0.140068 0.005178 -0.002043 -0.318559 
776 -169831.686439 3477243.125813 -0.116423 -0.013128 0.013732 -0.318536 
777 -169831.623759 3477243.316692 -0.139280 -0.000973 -0.000990 -0.319238 
778 -169831.578680 3477243.454559 -0.135732 -0.000971 -0.001142 -0.319484 
779 -169831.530145 3477243.602093 -0.135948 0.000077 -0.001095 -0.319468 
780 -169831.480194 3477243.753533 -0.136079 0.000450 -0.001487 -0.319999 
781 -169831.431596 3477243.898436 -0.135606 0.000021 -0.001504 -0.321712 
782 -169831.384896 3477244.038963 -0.136274 0.000803 -0.001450 -0.323100 
783 -169831.311483 3477244.255628 -0.136925 0.001506 -0.001988 -0.328746 
784 -169831.230780 3477244.490242 -0.136781 0.001341 -0.001900 -0.333603 
785 -169831.151351 3477244.720740 -0.134007 -0.001765 -0.001580 -0.339548 
786 -169831.071776 3477244.946395 -0.134543 -0.001145 -0.001088 -0.341463 
787 -169830.969208 3477245.233514 -0.138408 0.003140 -0.001241 -0.348932 
788 -169830.829911 3477245.612815 -0.136512 0.000993 -0.000194 -0.352776 
789 -169830.706957 3477245.941224 -0.130753 -0.005447 -0.002597 -0.365215 
790 -169830.606088 3477246.206321 -0.130753 -0.005397 -0.001643 -0.365976 
791 -169830.523441 3477246.423880 -0.132582 -0.003327 -0.001795 -0.366203 
792 -169830.453153 3477246.607391 -0.134579 -0.001098 -0.002041 -0.368300 
793 -169830.398817 3477246.749793 -0.134294 -0.001388 -0.002294 -0.372508 
794 -169830.350209 3477246.873689 -0.135291 -0.000272 -0.001857 -0.373599 
795 -169830.308114 3477246.983064 -0.134720 -0.000893 -0.001725 -0.377447 
796 -169830.268451 3477247.080003 -0.134906 -0.000694 -0.001875 -0.377245 
797 -169830.237572 3477247.156648 -0.134574 -0.001079 -0.000975 -0.378476 
798 -169830.208099 3477247.229568 -0.136042 0.000591 -0.000986 -0.378847 
799 -169830.180492 3477247.300599 -0.136022 0.000582 -0.000774 -0.381995 
800 -169830.149745 3477247.378978 -0.136283 0.000876 -0.000829 -0.385179 
801 -169830.111195 3477247.476062 -0.137767 0.002542 -0.000894 -0.387606 
802 -169830.066718 3477247.584905 -0.138579 0.003466 -0.001039 -0.388970 
803 -169829.997177 3477247.754480 -0.139408 0.004418 -0.000938 -0.391635 
804 -169829.930263 3477247.916756 -0.137047 0.001795 -0.002139 -0.394185 
805 -169829.879349 3477248.040862 -0.135761 0.000342 -0.002393 -0.399236 
806 -169829.835204 3477248.147283 -0.136260 0.000888 -0.001036 -0.400884 
807 -169829.795531 3477248.240115 -0.136218 0.000855 -0.001312 -0.402763 
808 -169829.753964 3477248.337015 -0.135960 0.000541 -0.001421 -0.403243 
809 -169829.705067 3477248.450599 -0.135660 0.000164 -0.001812 -0.406540 
810 -169829.662313 3477248.552576 -0.135091 -0.000476 -0.001269 -0.409876 
811 -169829.623065 3477248.644114 -0.135170 -0.000402 -0.001156 -0.411248 
812 -169829.589388 3477248.722742 -0.134754 -0.000843 -0.001348 -0.412384 
813 -169829.557577 3477248.797049 -0.135996 0.000529 -0.001616 -0.413948 
814 -169829.523124 3477248.876805 -0.137496 0.002236 -0.001563 -0.415184 
815 -169829.481996 3477248.970491 -0.137765 0.002533 -0.001612 -0.416541 
816 -169829.436371 3477249.073904 -0.135452 -0.000079 -0.002123 -0.418995 
817 -169829.397264 3477249.161922 -0.134973 -0.000637 -0.002152 -0.420685 
818 -169829.354262 3477249.257918 -0.136099 0.000648 -0.001626 -0.422793 
819 -169829.309154 3477249.357566 -0.135271 -0.000311 -0.001928 -0.426170 
820 -169829.251039 3477249.484734 -0.137128 0.001773 -0.001856 -0.432229 
821 -169829.197616 3477249.601287 -0.134540 -0.001085 -0.001048 -0.437094 
822 -169829.152387 3477249.698812 -0.133962 -0.001732 -0.001070 -0.438911 
823 -169829.128666 3477249.750682 -0.134703 -0.000910 -0.001244 -0.439546 
824 -169829.101190 3477249.809183 -0.136697 0.001286 -0.001339 -0.440962 
825 -169829.070702 3477249.874964 -0.136914 0.001582 -0.001405 -0.442322 
826 -169829.036249 3477249.947767 -0.137300 0.001987 -0.001538 -0.444360 
827 -169828.998485 3477250.026883 -0.136132 0.000739 -0.001795 -0.445748 
828 -169828.962875 3477250.101624 -0.135208 -0.000336 -0.002246 -0.447091 
829 -169828.940409 3477250.148826 -0.134972 -0.000577 -0.001618 -0.448004 
830 -169828.920477 3477250.190359 -0.135376 -0.000148 -0.001546 -0.448769 
831 -169828.906112 3477250.220076 -0.135473 -0.000006 -0.001586 -0.449167 
832 -169828.891200 3477250.250354 -0.136049 0.000580 -0.001653 -0.449136 
833 -169828.876674 3477250.280398 -0.136178 0.000738 -0.001566 -0.449425 
834 -169828.854872 3477250.325130 -0.137404 0.002143 -0.001555 -0.450292 
835 -169828.829042 3477250.378226 -0.136623 0.001250 -0.001062 -0.451148 
836 -169828.796610 3477250.444837 -0.136251 0.000812 -0.001052 -0.452499 
837 -169828.772235 3477250.494568 -0.135834 0.000378 -0.000882 -0.452605 
838 -169828.739843 3477250.561863 -0.137091 0.001749 -0.001564 -0.454876 
839 -169828.704227 3477250.636536 -0.135472 -0.000044 -0.001119 -0.457167 
840 -169828.671107 3477250.705301 -0.135524 -0.000009 -0.001108 -0.458651 
841 -169828.643261 3477250.763294 -0.134978 -0.000612 -0.001242 -0.461114 
842 -169828.623939 3477250.802259 -0.134938 -0.000641 -0.000976 -0.461471 
843 -169828.605214 3477250.840018 -0.136317 0.000887 -0.000937 -0.462050 
844 -169828.576395 3477250.898743 -0.136891 0.001533 -0.000825 -0.464211 
845 -169828.541317 3477250.968982 -0.135583 0.000053 -0.000927 -0.465860 
846 -169828.518280 3477251.015774 -0.134789 -0.000834 -0.000943 -0.467099 
847 -169828.497772 3477251.057220 -0.135828 0.000362 -0.000783 -0.468091 
848 -169828.478627 3477251.095286 -0.136539 0.001146 -0.000764 -0.468927 
849 -169828.455311 3477251.140359 -0.136970 0.001667 -0.001016 -0.469757 
850 -169828.430995 3477251.188460 -0.135451 -0.000057 -0.001264 -0.470692 
851 -169828.395238 3477251.258118 -0.137190 0.001831 -0.001021 -0.472086 
852 -169828.350878 3477251.345579 -0.135399 -0.000193 -0.001285 -0.473875 
853 -169828.299096 3477251.445662 -0.136644 0.001221 -0.001156 -0.474162 
854 -169828.240038 3477251.559456 -0.135348 -0.000241 -0.001866 -0.477817 
855 -169828.194828 3477251.644583 -0.135097 -0.000511 -0.001418 -0.478066 
856 -169828.146952 3477251.737366 -0.136772 0.001430 -0.001775 -0.482820 
857 -169828.095536 3477251.835472 -0.136030 0.000576 -0.000837 -0.491737 
858 -169828.048602 3477251.923724 -0.136031 0.000611 -0.001998 -0.494898 
859 -169828.004628 3477252.005086 -0.136730 0.001398 -0.001640 -0.496716 
860 -169827.951884 3477252.102264 -0.137589 0.002355 -0.001734 -0.498060 
861 -169827.889945 3477252.216351 -0.135807 0.000361 -0.001475 -0.499010 
862 -169827.812279 3477252.357977 -0.135831 0.000313 -0.001864 -0.500603 
863 -169827.714725 3477252.535862 -0.134192 -0.001545 -0.002246 -0.503597 
864 -169827.614208 3477252.718265 -0.136088 0.000545 -0.002203 -0.511357 
865 -169827.516195 3477252.890755 -0.134580 -0.001093 -0.002795 -0.523731 
866 -169827.432894 3477253.031429 -0.132067 -0.003932 -0.003015 -0.547106 
867 -169827.369711 3477253.134715 -0.132138 -0.003839 -0.001180 -0.551077 
868 -169827.328197 3477253.201360 -0.132980 -0.002889 -0.001814 -0.552119 
869 -169827.297221 3477253.252630 -0.134850 -0.000780 -0.001610 -0.554133 
870 -169827.264686 3477253.307195 -0.135194 -0.000391 -0.001785 -0.556932 
871 -169827.227909 3477253.368235 -0.136335 0.000879 -0.001692 -0.558570 
872 -169827.191327 3477253.427835 -0.135871 0.000370 -0.001641 -0.560298 
873 -169827.159916 3477253.477801 -0.134959 -0.000616 -0.001944 -0.560706 
874 -169827.132538 3477253.522264 -0.136403 0.000965 -0.002099 -0.562067 
875 -169827.099877 3477253.575789 -0.135438 -0.000087 -0.001677 -0.563847 
876 -169827.067382 3477253.627713 -0.135784 0.000291 -0.001358 -0.565556 
877 -169827.034032 3477253.680765 -0.135566 0.000086 -0.001423 -0.566823 
878 -169826.996356 3477253.739798 -0.136722 0.001362 -0.001495 -0.569330 
879 -169826.944706 3477253.820442 -0.137493 0.002241 -0.001018 -0.570268 
880 -169826.879603 3477253.922176 -0.136194 0.000792 -0.000770 -0.572486 
881 -169826.813407 3477254.023133 -0.135178 -0.000368 -0.001408 -0.575513 
882 -169826.747733 3477254.123729 -0.134732 -0.000892 -0.001305 -0.577608 
883 -169826.663021 3477254.254388 -0.134598 -0.001063 -0.001691 -0.581823 
884 -169826.577963 3477254.383855 -0.133860 -0.001876 -0.001457 -0.584968 
885 -169826.504193 3477254.496531 -0.133542 -0.002193 -0.001269 -0.590154 
886 -169826.456742 3477254.567928 -0.134335 -0.001322 -0.001461 -0.592549 
887 -169826.420189 3477254.621678 -0.134999 -0.000547 -0.002089 -0.593718 
888 -169826.382245 3477254.678250 -0.136244 0.000831 -0.001745 -0.594809 
889 -169826.331845 3477254.752557 -0.136871 0.001550 -0.002217 -0.597391 
890 -169826.286493 3477254.819363 -0.137038 0.001664 -0.001251 -0.598765 
891 -169826.244081 3477254.881385 -0.135987 0.000527 -0.001480 -0.600312 
892 -169826.205150 3477254.937498 -0.137426 0.002126 -0.001287 -0.601023 
893 -169826.140443 3477255.033270 -0.135835 0.000355 -0.001406 -0.603121 
894 -169826.093534 3477255.102361 -0.134877 -0.000730 -0.001241 -0.605145 
895 -169826.068793 3477255.140330 -0.134483 -0.001191 -0.001078 -0.606707 
896 -169826.047606 3477255.172098 -0.135904 0.000383 -0.001413 -0.609277 
897 -169826.013397 3477255.221531 -0.136837 0.001469 -0.000976 -0.611137 
898 -169825.959432 3477255.298602 -0.137845 0.002654 -0.001033 -0.613015 
899 -169825.886556 3477255.402420 -0.137367 0.002144 -0.001810 -0.616660 
