0 -169791.414214 3477250.583938 -0.133342 -0.001295 0.004307 1.105334 
1 -169791.475470 3477250.615394 -0.133075 -0.001624 0.002926 1.105405 
2 -169791.528436 3477250.642410 -0.133808 -0.000801 0.002463 1.105357 
3 -169791.594932 3477250.676048 -0.135676 0.000649 0.000841 1.105354 
4 -169791.657467 3477250.707645 -0.134737 -0.000378 0.000286 1.105333 
5 -169791.712399 3477250.735228 -0.134018 -0.001149 -0.000233 1.105285 
6 -169791.756901 3477250.757557 -0.134063 -0.001095 -0.000370 1.105204 
7 -169791.799209 3477250.778724 -0.134541 -0.000492 -0.000740 1.105101 
8 -169791.835916 3477250.797391 -0.134116 -0.001020 -0.001189 1.105284 
9 -169791.875936 3477250.817654 -0.133761 -0.001444 -0.001490 1.105397 
10 -169791.906716 3477250.833396 -0.133776 -0.001426 -0.001930 1.105818 
11 -169791.936298 3477250.848025 -0.136032 0.000594 -0.000933 1.105586 
12 -169791.966923 3477250.863152 -0.136579 0.001168 -0.000819 1.105498 
13 -169792.002532 3477250.880589 -0.136337 0.000932 -0.000850 1.105338 
14 -169792.059832 3477250.909446 -0.138829 0.003657 -0.001079 1.105640 
15 -169792.220377 3477250.989915 -0.138527 0.003325 -0.000945 1.105813 
16 -169792.402150 3477251.080369 -0.135881 0.000465 -0.001947 1.105578 
17 -169792.554633 3477251.156438 -0.134222 -0.000890 -0.001394 1.105431 
18 -169792.715890 3477251.236531 -0.134607 -0.000383 -0.001957 1.105255 
19 -169792.846455 3477251.301097 -0.133611 -0.001492 -0.002721 1.105144 
20 -169792.956437 3477251.355823 -0.134208 -0.000817 -0.002521 1.105124 
21 -169793.058379 3477251.405716 -0.135968 0.001156 -0.002941 1.104821 
22 -169793.263159 3477251.508187 -0.137127 0.002388 -0.003085 1.105119 
23 -169793.440341 3477251.596116 -0.135013 -0.000465 -0.004286 1.105042 
24 -169793.614736 3477251.682679 -0.133979 -0.001737 -0.005063 1.104953 
25 -169793.756210 3477251.752068 -0.134375 -0.001264 -0.005504 1.104666 
26 -169793.874506 3477251.810760 -0.133731 -0.000830 -0.004403 1.104647 
27 -169793.975217 3477251.860501 -0.133046 -0.001328 -0.003862 1.104642 
28 -169794.049044 3477251.896580 -0.133691 -0.000705 -0.003214 1.104574 
29 -169794.104984 3477251.923475 -0.134778 0.000485 -0.002623 1.104358 
30 -169794.171239 3477251.955403 -0.135799 0.001605 -0.001982 1.104187 
31 -169794.244852 3477251.991443 -0.136740 0.002662 -0.001633 1.103989 
32 -169794.315824 3477252.026517 -0.135272 0.000482 -0.002777 1.104258 
33 -169794.389835 3477252.062923 -0.134635 -0.000473 -0.002886 1.104292 
34 -169794.448273 3477252.091658 -0.134769 -0.000283 -0.002698 1.104227 
35 -169794.514218 3477252.124017 -0.134986 0.000034 -0.002427 1.104076 
36 -169794.570126 3477252.150960 -0.134974 -0.000070 -0.002435 1.103743 
37 -169794.640787 3477252.185779 -0.134530 -0.000558 -0.002256 1.103649 
38 -169794.699657 3477252.214773 -0.134182 -0.000946 -0.001915 1.103546 
39 -169794.753666 3477252.241316 -0.134494 -0.000590 -0.001755 1.103376 
40 -169794.811002 3477252.269451 -0.134958 -0.000085 -0.001506 1.103283 
41 -169794.868429 3477252.297835 -0.136853 0.001460 -0.002591 1.103297 
42 -169794.933251 3477252.329734 -0.136842 0.001470 -0.002629 1.103197 
43 -169794.989638 3477252.357459 -0.136631 0.001934 -0.003815 1.103209 
44 -169795.051202 3477252.387850 -0.136570 0.001897 -0.003743 1.103234 
45 -169795.108055 3477252.415574 -0.136445 0.001765 -0.003679 1.103110 
46 -169795.168138 3477252.445389 -0.136131 0.001407 -0.003233 1.103078 
47 -169795.221527 3477252.471829 -0.136012 0.001261 -0.003401 1.103087 
48 -169795.284367 3477252.502952 -0.135885 0.001449 -0.002803 1.102967 
49 -169795.336891 3477252.528587 -0.135040 0.000647 -0.002822 1.102820 
50 -169795.395341 3477252.557474 -0.135088 0.000753 -0.002552 1.102752 
51 -169795.463700 3477252.591302 -0.134494 0.000072 -0.002599 1.102701 
52 -169795.523751 3477252.620384 -0.134641 -0.000100 -0.002011 1.102128 
53 -169795.582992 3477252.649749 -0.134852 -0.000099 -0.001640 1.102072 
54 -169795.653314 3477252.684910 -0.134829 -0.000179 -0.001758 1.102174 
55 -169795.721237 3477252.718147 -0.134434 -0.000651 -0.001955 1.101955 
56 -169795.771278 3477252.742723 -0.135786 0.000276 -0.002789 1.101893 
57 -169795.826002 3477252.769773 -0.136231 0.000786 -0.002727 1.101868 
58 -169795.879054 3477252.796077 -0.136589 0.001225 -0.002637 1.101925 
59 -169795.930402 3477252.821736 -0.136120 0.000669 -0.002465 1.102034 
60 -169795.975973 3477252.844480 -0.135356 -0.000191 -0.002286 1.102132 
61 -169796.007958 3477252.860306 -0.135652 0.000148 -0.002117 1.102218 
62 -169796.041547 3477252.876785 -0.135904 0.000427 -0.002182 1.102270 
63 -169796.097194 3477252.904144 -0.137626 0.002345 -0.001965 1.101992 
64 -169796.179479 3477252.945267 -0.137359 0.002064 -0.002505 1.102137 
65 -169796.284677 3477252.998270 -0.136501 0.001090 -0.003168 1.102477 
66 -169796.373055 3477253.041956 -0.135380 -0.000145 -0.003592 1.102423 
67 -169796.450336 3477253.080232 -0.134935 -0.000115 -0.004090 1.102420 
68 -169796.539093 3477253.124480 -0.134914 -0.000131 -0.003714 1.102438 
69 -169796.631398 3477253.170320 -0.133796 -0.001374 -0.003831 1.102405 
70 -169796.713417 3477253.211175 -0.134154 -0.000955 -0.003809 1.102476 
71 -169796.784955 3477253.246067 -0.134412 -0.000664 -0.004094 1.102039 
72 -169796.849242 3477253.277767 -0.134782 -0.000254 -0.004318 1.102040 
73 -169796.898588 3477253.302059 -0.135613 0.000705 -0.004290 1.101993 
74 -169796.957372 3477253.331448 -0.136343 0.000971 -0.002884 1.101927 
75 -169797.007533 3477253.356023 -0.135907 0.001068 -0.003685 1.101955 
76 -169797.067138 3477253.385423 -0.136163 0.001391 -0.003980 1.102020 
77 -169797.142465 3477253.422796 -0.135881 0.001089 -0.004100 1.102038 
78 -169797.226857 3477253.464705 -0.135928 0.001718 -0.003534 1.102146 
79 -169797.325809 3477253.514104 -0.135052 0.000855 -0.003678 1.102403 
80 -169797.417985 3477253.559944 -0.135618 0.001478 -0.003651 1.102519 
81 -169797.513563 3477253.608094 -0.136184 0.001524 -0.002589 1.102912 
82 -169797.604362 3477253.652967 -0.135308 0.000459 -0.002607 1.102926 
83 -169797.684638 3477253.692830 -0.136083 0.001292 -0.002013 1.102980 
84 -169797.755597 3477253.727923 -0.135486 0.000003 -0.003104 1.103038 
85 -169797.835509 3477253.767342 -0.136197 0.000748 -0.003228 1.103025 
86 -169797.914882 3477253.806707 -0.134970 -0.000601 -0.003564 1.103006 
87 -169797.984799 3477253.841517 -0.135717 0.000231 -0.003421 1.103133 
88 -169798.048109 3477253.872688 -0.136547 0.001178 -0.003305 1.103058 
89 -169798.108678 3477253.902054 -0.135889 0.000440 -0.003519 1.102765 
90 -169798.160751 3477253.927547 -0.136714 0.001352 -0.002969 1.102542 
91 -169798.206957 3477253.950213 -0.136971 0.001669 -0.002989 1.102566 
92 -169798.263717 3477253.978558 -0.137185 0.001884 -0.003165 1.102787 
93 -169798.319916 3477254.005369 -0.136422 0.001032 -0.002874 1.102130 
94 -169798.412865 3477254.051922 -0.141794 0.007013 -0.002991 1.102252 
95 -169798.625118 3477254.158714 -0.139115 0.004538 -0.004367 1.102547 
96 -169798.836744 3477254.265135 -0.132754 -0.002189 -0.005016 1.102852 
97 -169798.995680 3477254.344393 -0.132891 -0.002336 -0.005188 1.103015 
98 -169799.123983 3477254.407845 -0.133508 -0.001663 -0.005304 1.103208 
99 -169799.239515 3477254.465105 -0.137578 0.002392 -0.006279 1.103355 
100 -169799.352430 3477254.520975 -0.135950 0.000529 -0.006834 1.103512 
101 -169799.461700 3477254.574832 -0.134487 -0.001115 -0.006936 1.103546 
102 -169799.555590 3477254.620594 -0.135323 -0.000196 -0.006372 1.103388 
103 -169799.628705 3477254.656453 -0.135997 0.000571 -0.005863 1.103529 
104 -169799.693710 3477254.687908 -0.136111 0.000700 -0.004988 1.103518 
105 -169799.752755 3477254.716658 -0.135904 0.000474 -0.004172 1.103399 
106 -169799.801998 3477254.740740 -0.136369 0.000970 -0.003465 1.103286 
107 -169799.856239 3477254.767557 -0.137140 0.001863 -0.003347 1.103310 
108 -169799.909386 3477254.793895 -0.136019 0.000573 -0.003107 1.103402 
109 -169799.960785 3477254.819217 -0.137495 0.002234 -0.002866 1.103444 
110 -169800.017130 3477254.846893 -0.137871 0.002665 -0.003143 1.103500 
111 -169800.089799 3477254.883250 -0.139744 0.004761 -0.003047 1.103787 
112 -169800.183129 3477254.929598 -0.137865 0.002690 -0.003171 1.103810 
113 -169800.284916 3477254.980115 -0.136006 0.000561 -0.003210 1.103782 
114 -169800.384843 3477255.029588 -0.136008 0.000565 -0.003269 1.103725 
115 -169800.484576 3477255.079275 -0.135930 0.000445 -0.003059 1.103706 
116 -169800.577084 3477255.124969 -0.134745 -0.000909 -0.003647 1.103722 
117 -169800.649701 3477255.160916 -0.135991 0.000512 -0.003205 1.103633 
118 -169800.730165 3477255.200271 -0.137520 0.002265 -0.003507 1.103413 
119 -169800.841845 3477255.255916 -0.138329 0.003167 -0.003573 1.103569 
120 -169800.972313 3477255.320975 -0.136726 0.001357 -0.003647 1.103645 
121 -169801.113429 3477255.391541 -0.135159 -0.000427 -0.004250 1.103829 
122 -169801.218212 3477255.443084 -0.135016 -0.000552 -0.004584 1.103773 
123 -169801.316224 3477255.491570 -0.135304 -0.000241 -0.004422 1.103741 
124 -169801.405409 3477255.535379 -0.136335 0.000923 -0.004045 1.103650 
125 -169801.503554 3477255.583924 -0.137418 0.002156 -0.003762 1.103640 
126 -169801.608483 3477255.636014 -0.136777 0.001401 -0.003802 1.103610 
127 -169801.716078 3477255.689344 -0.136072 0.000627 -0.004384 1.103656 
128 -169801.818414 3477255.739939 -0.136828 0.001478 -0.004162 1.103616 
129 -169801.930404 3477255.795545 -0.136530 0.001162 -0.004217 1.103672 
130 -169802.034281 3477255.846932 -0.135754 0.000280 -0.004458 1.103700 
131 -169802.137601 3477255.897615 -0.135612 0.000110 -0.004812 1.103643 
132 -169802.221171 3477255.939002 -0.136523 0.001108 -0.003963 1.103604 
133 -169802.295968 3477255.975828 -0.136744 0.001407 -0.003604 1.103593 
134 -169802.380905 3477256.017850 -0.137411 0.002156 -0.003475 1.103604 
135 -169802.477618 3477256.065857 -0.136836 0.001526 -0.003203 1.103623 
136 -169802.586715 3477256.120115 -0.136620 0.001202 -0.003622 1.103643 
137 -169802.698490 3477256.175496 -0.135698 0.000194 -0.004161 1.103682 
138 -169802.811517 3477256.231570 -0.136025 0.000552 -0.003988 1.103695 
139 -169802.922255 3477256.286307 -0.135468 -0.000072 -0.004326 1.103702 
140 -169803.033446 3477256.341424 -0.136190 0.000776 -0.004358 1.103730 
141 -169803.123175 3477256.385975 -0.136956 0.001638 -0.004083 1.103842 
142 -169803.210953 3477256.429266 -0.137464 0.002203 -0.003490 1.103808 
143 -169803.294447 3477256.470740 -0.137590 0.002360 -0.002950 1.103806 
144 -169803.378302 3477256.511990 -0.137186 0.001913 -0.003162 1.103706 
145 -169803.467206 3477256.555906 -0.136788 0.001486 -0.003291 1.103671 
146 -169803.563607 3477256.603836 -0.138048 0.002898 -0.003336 1.103863 
147 -169803.686386 3477256.664773 -0.137651 0.002440 -0.003712 1.103915 
148 -169803.802943 3477256.722840 -0.136347 0.000965 -0.004259 1.103944 
149 -169803.901027 3477256.771287 -0.134403 -0.001189 -0.004483 1.103939 
150 -169803.990924 3477256.816082 -0.136416 0.001034 -0.004137 1.103947 
151 -169804.074725 3477256.856893 -0.135340 -0.000180 -0.004726 1.103815 
152 -169804.143104 3477256.890008 -0.135920 0.000463 -0.003507 1.103281 
153 -169804.201991 3477256.918914 -0.135973 0.000531 -0.003275 1.103232 
154 -169804.265883 3477256.949891 -0.136407 0.001033 -0.003251 1.102993 
155 -169804.358451 3477256.996082 -0.137405 0.002089 -0.003141 1.103096 
156 -169804.469696 3477257.051561 -0.135869 0.000379 -0.003655 1.103217 
157 -169804.583283 3477257.108338 -0.134614 -0.001032 -0.004375 1.103360 
158 -169804.659459 3477257.145818 -0.134813 -0.000812 -0.004044 1.103332 
159 -169804.730792 3477257.181111 -0.135883 0.000391 -0.003525 1.103281 
160 -169804.803209 3477257.216688 -0.134797 -0.000820 -0.003363 1.103192 
161 -169804.866439 3477257.247732 -0.136175 0.000725 -0.003177 1.103070 
162 -169804.942404 3477257.285262 -0.136065 0.000581 -0.003180 1.103089 
163 -169805.026991 3477257.327361 -0.136209 0.000729 -0.003517 1.103155 
164 -169805.105468 3477257.366102 -0.134834 -0.000793 -0.003469 1.103032 
165 -169805.177694 3477257.401805 -0.135690 0.000188 -0.002875 1.102985 
166 -169805.242333 3477257.433797 -0.136483 0.001096 -0.002776 1.102962 
167 -169805.311180 3477257.467977 -0.136664 0.001308 -0.002732 1.102953 
168 -169805.385873 3477257.504959 -0.136218 0.000788 -0.002766 1.102898 
169 -169805.441078 3477257.531814 -0.136252 0.000845 -0.003000 1.102857 
170 -169805.498283 3477257.560203 -0.135571 0.000070 -0.003097 1.102887 
171 -169805.553014 3477257.587303 -0.135230 -0.000317 -0.003417 1.102960 
172 -169805.606278 3477257.613582 -0.135610 0.000089 -0.003099 1.102956 
173 -169805.644603 3477257.632176 -0.135932 0.000474 -0.003100 1.102933 
174 -169805.684188 3477257.651551 -0.136367 0.000967 -0.003252 1.103001 
175 -169805.721163 3477257.669549 -0.136720 0.001363 -0.002570 1.103000 
176 -169805.763917 3477257.690574 -0.136632 0.001261 -0.002250 1.102983 
177 -169805.823932 3477257.720379 -0.137480 0.002202 -0.002054 1.103131 
178 -169805.902911 3477257.759676 -0.137097 0.001779 -0.001990 1.103113 
179 -169806.008158 3477257.812088 -0.135615 0.000064 -0.002857 1.103145 
180 -169806.118832 3477257.867205 -0.134939 -0.000691 -0.003381 1.103161 
181 -169806.228202 3477257.921424 -0.134707 -0.000916 -0.003797 1.103063 
182 -169806.318358 3477257.966189 -0.135698 0.000203 -0.003689 1.103219 
183 -169806.412965 3477258.013260 -0.137250 0.001966 -0.003223 1.103176 
184 -169806.524442 3477258.068924 -0.136563 0.001202 -0.003665 1.103402 
185 -169806.629982 3477258.121258 -0.137307 0.002054 -0.003838 1.103324 
186 -169806.734823 3477258.173416 -0.136373 0.001033 -0.003756 1.103365 
187 -169806.832606 3477258.221971 -0.135836 0.000420 -0.004004 1.103381 
188 -169806.925804 3477258.267996 -0.136620 0.001299 -0.003987 1.103356 
189 -169806.998619 3477258.303592 -0.136785 0.001498 -0.003848 1.103233 
190 -169807.070211 3477258.338992 -0.136975 0.001707 -0.003291 1.103214 
191 -169807.151881 3477258.379744 -0.138888 0.003781 -0.002835 1.103396 
192 -169807.354069 3477258.480086 -0.147704 0.012650 -0.002128 1.103379 
193 -169807.711234 3477258.659041 -0.138102 0.002362 -0.004103 1.103566 
194 -169808.008322 3477258.807547 -0.130802 -0.005467 -0.005883 1.103647 
195 -169808.208363 3477258.906502 -0.133108 -0.002855 -0.006823 1.103488 
196 -169808.420209 3477259.012352 -0.134243 -0.001482 -0.007625 1.103670 
197 -169808.566918 3477259.084969 -0.133092 -0.002695 -0.007826 1.103782 
198 -169808.673263 3477259.138328 -0.133371 0.000748 -0.003302 1.105208 
199 -169808.735614 3477259.167918 -0.135515 0.010470 0.010806 1.107285 
200 -169808.803385 3477259.199275 -0.140718 0.026415 0.004434 1.104263 
201 -169808.995653 3477259.291043 -0.140926 0.002458 -0.009657 1.103171 
202 -169809.178629 3477259.383689 -0.133999 -0.004267 -0.002582 1.103401 
203 -169809.299481 3477259.443885 -0.134473 -0.001890 -0.003755 1.103546 
204 -169809.419640 3477259.503729 -0.136816 0.001121 -0.003842 1.103858 
205 -169809.605617 3477259.596551 -0.143107 0.008344 -0.004070 1.103960 
206 -169809.971461 3477259.779148 -0.146437 0.011529 -0.003200 1.104018 
207 -169810.389835 3477259.976980 -0.114542 -0.014426 -0.017266 1.103372 
208 -169810.742648 3477260.151561 -0.136030 -0.003518 -0.005255 1.103114 
209 -169810.967147 3477260.264217 -0.134246 -0.002362 -0.004891 1.103322 
210 -169811.187528 3477260.374148 -0.135697 -0.000230 -0.005089 1.104769 
211 -169811.364830 3477260.461229 -0.134410 -0.001383 -0.005540 1.124799 
212 -169811.502824 3477260.526160 -0.133546 -0.002200 -0.007654 1.125967 
213 -169811.603846 3477260.573631 -0.136382 0.001025 -0.005874 1.130049 
214 -169811.693414 3477260.613777 -0.135185 -0.000304 -0.006771 1.133163 
215 -169811.768649 3477260.647127 -0.136590 0.001282 -0.005361 1.134985 
216 -169811.834369 3477260.678768 -0.135025 -0.000488 -0.006317 1.138911 
217 -169811.886224 3477260.704217 -0.135524 0.000051 -0.005579 1.143201 
218 -169811.940822 3477260.730262 -0.136536 0.001169 -0.004277 1.146962 
219 -169811.995768 3477260.754676 -0.135705 0.000249 -0.003471 1.152273 
220 -169812.033046 3477260.770662 -0.135692 0.000234 -0.002774 1.153674 
221 -169812.069266 3477260.786150 -0.136161 0.000714 -0.002108 1.155064 
222 -169812.126376 3477260.811023 -0.138007 0.002747 -0.001417 1.155008 
223 -169812.264904 3477260.871492 -0.138429 0.003152 -0.001059 1.155417 
224 -169812.477238 3477260.963504 -0.137644 0.002277 -0.000703 1.160932 
225 -169812.660160 3477261.040330 -0.133358 -0.002506 0.000165 1.174012 
226 -169812.807985 3477261.101424 -0.132633 -0.003276 0.001010 1.183542 
227 -169812.911080 3477261.141678 -0.132473 -0.003426 0.003628 1.202501 
228 -169812.975897 3477261.165047 -0.133475 -0.002283 0.001341 1.216851 
229 -169813.019154 3477261.182146 -0.133725 -0.002019 0.001766 1.221518 
230 -169813.055934 3477261.196141 -0.134384 -0.001301 0.002700 1.232677 
231 -169813.100123 3477261.211551 -0.138750 0.003554 0.000857 1.234977 
232 -169813.272633 3477261.271111 -0.140297 0.005281 0.001754 1.233592 
233 -169813.451390 3477261.333445 -0.135132 -0.000479 0.002084 1.232634 
234 -169813.600524 3477261.384607 -0.133578 -0.002191 0.005151 1.242699 
235 -169813.719376 3477261.424227 -0.133548 -0.002204 0.002274 1.258394 
236 -169813.797946 3477261.448504 -0.133646 -0.002097 0.002234 1.261749 
237 -169813.844462 3477261.463211 -0.134354 -0.001319 0.002091 1.261023 
238 -169813.908373 3477261.483504 -0.136599 0.001169 0.001495 1.260449 
239 -169814.022611 3477261.520076 -0.138203 0.002978 0.003919 1.268938 
240 -169814.134987 3477261.553250 -0.134071 -0.001665 0.003106 1.292638 
241 -169814.230570 3477261.580232 -0.133479 -0.002340 0.000522 1.293886 
242 -169814.296627 3477261.599129 -0.134681 -0.000967 0.000927 1.293872 
243 -169814.360678 3477261.617732 -0.136082 0.000593 0.000826 1.294185 
244 -169814.526791 3477261.665604 -0.142824 0.008135 0.001010 1.294966 
245 -169814.721849 3477261.721424 -0.136717 0.001309 0.001677 1.298129 
246 -169814.892684 3477261.767156 -0.132873 -0.002943 0.000992 1.316728 
247 -169815.000087 3477261.795994 -0.133092 -0.002704 0.000951 1.317886 
248 -169815.070536 3477261.814734 -0.134474 -0.001173 0.001347 1.318157 
249 -169815.190912 3477261.846287 -0.138805 0.003669 0.001466 1.318558 
250 -169815.325809 3477261.882020 -0.135630 0.000133 0.001528 1.319266 
251 -169815.445712 3477261.913201 -0.135604 0.000109 0.003800 1.325746 
252 -169815.539110 3477261.934725 -0.134419 -0.001209 0.004726 1.346041 
253 -169815.614794 3477261.951951 -0.134413 -0.001222 0.001799 1.350297 
254 -169815.657679 3477261.961961 -0.134286 -0.001369 0.002063 1.350276 
255 -169815.713978 3477261.975320 -0.135965 0.000469 0.002551 1.350341 
256 -169815.834345 3477262.002322 -0.139185 0.004072 0.003230 1.351740 
257 -169815.951434 3477262.027117 -0.134408 -0.001256 0.005742 1.371732 
258 -169816.048685 3477262.046072 -0.133768 -0.001993 0.002163 1.381114 
259 -169816.106078 3477262.057244 -0.133853 -0.001867 0.001905 1.380799 
260 -169816.190634 3477262.073494 -0.137874 0.002623 0.002197 1.380431 
261 -169816.298656 3477262.094393 -0.135671 0.000125 0.002205 1.380769 
262 -169816.373490 3477262.107791 -0.134681 -0.000931 0.004017 1.391327 
263 -169816.424823 3477262.117234 -0.134310 -0.001332 0.003561 1.404507 
264 -169816.463231 3477262.123787 -0.134008 -0.001699 0.002234 1.404494 
265 -169816.513890 3477262.134158 -0.139634 0.004560 0.002565 1.405858 
266 -169816.692709 3477262.163670 -0.140706 0.005746 0.002980 1.405343 
267 -169816.869540 3477262.191580 -0.134344 -0.001357 0.007425 1.426337 
268 -169817.012201 3477262.211258 -0.133170 -0.002645 0.002301 1.430436 
269 -169817.095541 3477262.223807 -0.133200 -0.002598 0.002416 1.430405 
270 -169817.223099 3477262.241727 -0.138414 0.003241 0.003448 1.433087 
271 -169817.335682 3477262.255779 -0.134121 -0.001554 0.005856 1.454429 
272 -169817.422792 3477262.265457 -0.134135 -0.001559 0.001317 1.468687 
273 -169817.485248 3477262.272205 -0.134174 -0.001520 0.001690 1.469315 
274 -169817.530170 3477262.276629 -0.134216 -0.001473 0.002521 1.476847 
275 -169817.556635 3477262.278641 -0.134344 -0.001339 0.002373 1.484592 
276 -169817.575311 3477262.281199 -0.134723 -0.000950 0.002435 1.491077 
277 -169817.596718 3477262.283191 -0.134764 -0.000902 0.002246 1.498086 
278 -169817.614213 3477262.284695 -0.134730 -0.000918 0.001976 1.503563 
279 -169817.630687 3477262.285535 -0.135091 -0.000541 0.001766 1.506729 
280 -169817.642133 3477262.286297 -0.135140 -0.000457 0.001551 1.506450 
281 -169817.674276 3477262.288338 -0.139373 0.004268 0.001707 1.505962 
282 -169817.793969 3477262.295604 -0.138163 0.002883 0.001766 1.505015 
283 -169817.915941 3477262.302879 -0.133885 -0.001835 0.002213 1.506791 
284 -169817.997992 3477262.308240 -0.133773 -0.002003 0.000515 1.514367 
285 -169818.054452 3477262.311873 -0.133594 -0.002181 0.000486 1.514917 
286 -169818.100497 3477262.315027 -0.137692 0.002387 0.000741 1.515436 
287 -169818.242157 3477262.323406 -0.138408 0.003180 0.001024 1.517099 
288 -169818.385209 3477262.330311 -0.134200 -0.001503 -0.000077 1.526708 
289 -169818.477758 3477262.334168 -0.133929 -0.001797 0.000060 1.526359 
290 -169818.536962 3477262.336561 -0.134073 -0.001620 -0.000025 1.526056 
291 -169818.632919 3477262.340555 -0.139768 0.004764 0.000215 1.525898 
292 -169818.756845 3477262.345311 -0.135370 -0.000161 0.001528 1.541936 
293 -169818.852235 3477262.347664 -0.134456 -0.001193 -0.001241 1.546747 
294 -169818.917211 3477262.348943 -0.134242 -0.001416 -0.000257 1.558572 
295 -169818.958388 3477262.350408 -0.134481 -0.001155 -0.000469 1.572906 
296 -169818.992714 3477262.349686 -0.135043 -0.000540 -0.000517 1.583249 
297 -169819.024237 3477262.349529 -0.135124 -0.000462 -0.000838 1.592587 
298 -169819.046742 3477262.349080 -0.135138 -0.000439 -0.000910 1.593338 
299 -169819.059188 3477262.348543 -0.135449 -0.000112 -0.000669 1.593285 
300 -169819.070858 3477262.348260 -0.136191 0.000715 -0.000598 1.593429 
301 -169819.137001 3477262.346795 -0.137268 0.001938 -0.000198 1.595330 
302 -169819.203246 3477262.344686 -0.134671 -0.000973 0.000388 1.608053 
303 -169819.248954 3477262.343357 -0.134640 -0.001001 -0.000855 1.610443 
304 -169819.276732 3477262.342498 -0.134563 -0.001111 -0.000363 1.610903 
305 -169819.310253 3477262.341854 -0.138133 0.002902 -0.000285 1.611681 
306 -169819.380277 3477262.339881 -0.136089 0.000648 0.000401 1.615862 
307 -169819.449696 3477262.336805 -0.136891 0.001518 -0.000450 1.618875 
308 -169819.535844 3477262.332664 -0.135150 -0.000428 0.000445 1.619824 
309 -169819.607582 3477262.328738 -0.137109 0.001772 -0.000040 1.623556 
310 -169819.709086 3477262.322986 -0.134795 -0.000828 0.000407 1.624230 
311 -169819.795370 3477262.317898 -0.135729 0.000184 -0.000536 1.628724 
312 -169819.892587 3477262.311502 -0.134043 -0.001725 0.000749 1.632509 
313 -169819.988348 3477262.306014 -0.136412 0.000936 -0.000794 1.637510 
314 -169820.087006 3477262.299402 -0.134750 -0.000880 -0.000315 1.645375 
315 -169820.164501 3477262.293387 -0.134318 -0.001354 -0.000346 1.649116 
316 -169820.209540 3477262.289305 -0.134364 -0.001280 -0.000683 1.656990 
317 -169820.242636 3477262.286600 -0.134524 -0.001109 -0.000737 1.657960 
318 -169820.278060 3477262.284100 -0.135574 0.000044 -0.000763 1.658718 
319 -169820.305555 3477262.282322 -0.134979 -0.000626 -0.000235 1.661695 
320 -169820.335184 3477262.279773 -0.135939 0.000460 -0.000396 1.663038 
321 -169820.360902 3477262.277850 -0.135511 -0.000019 -0.000265 1.665472 
322 -169820.405316 3477262.273338 -0.137848 0.002580 -0.000872 1.667338 
323 -169820.479359 3477262.266219 -0.135630 0.000098 0.000103 1.672222 
324 -169820.631381 3477262.249295 -0.139907 0.004868 -0.002192 1.684872 
325 -169820.786566 3477262.231033 -0.134639 -0.001075 0.001111 1.701045 
326 -169820.955878 3477262.207674 -0.136275 0.000827 -0.003843 1.709111 
327 -169821.104901 3477262.186736 -0.133373 -0.002434 -0.002760 1.716123 
328 -169821.219008 3477262.169793 -0.133197 -0.002631 -0.001266 1.721330 
329 -169821.289457 3477262.159012 -0.132702 -0.003175 -0.002287 1.721962 
330 -169821.378129 3477262.144705 -0.137834 0.002548 -0.002504 1.721427 
331 -169821.484930 3477262.128094 -0.134428 -0.001248 -0.000264 1.730560 
332 -169821.571517 3477262.113729 -0.137039 0.001683 -0.001458 1.741517 
333 -169821.686801 3477262.093348 -0.134789 -0.000837 0.000501 1.751649 
334 -169821.767562 3477262.077869 -0.134271 -0.001414 -0.000128 1.754510 
335 -169821.818397 3477262.068357 -0.133814 -0.001951 0.000710 1.761368 
336 -169821.869227 3477262.058943 -0.135228 -0.000353 0.000770 1.762548 
337 -169821.939979 3477262.045848 -0.138492 0.003311 0.000522 1.769151 
338 -169822.036049 3477262.026512 -0.136756 0.001374 0.001216 1.769618 
339 -169822.138778 3477262.005018 -0.139819 0.004811 0.003900 1.785383 
340 -169822.319579 3477261.965311 -0.138421 0.003222 0.000111 1.790220 
341 -169822.491923 3477261.924812 -0.133422 -0.002322 0.001746 1.808145 
342 -169822.601141 3477261.898748 -0.132908 -0.002907 0.001640 1.817389 
343 -169822.685267 3477261.877430 -0.133384 -0.002404 0.001409 1.820321 
344 -169822.735199 3477261.864227 -0.133474 -0.002291 0.002584 1.830237 
345 -169822.772196 3477261.854988 -0.135913 0.000383 0.001651 1.835608 
346 -169822.822806 3477261.841648 -0.134429 -0.001280 0.002391 1.837627 
347 -169822.893104 3477261.822879 -0.136803 0.001365 0.001578 1.841877 
348 -169822.982953 3477261.797957 -0.135575 -0.000009 0.003319 1.850163 
349 -169823.073983 3477261.770506 -0.138964 0.003837 0.001809 1.857395 
350 -169823.186874 3477261.737186 -0.134917 -0.000659 0.003634 1.870094 
351 -169823.262577 3477261.713699 -0.134107 -0.001575 0.003389 1.873028 
352 -169823.311986 3477261.696922 -0.132994 -0.002811 0.004388 1.882608 
353 -169823.364139 3477261.680359 -0.135087 -0.000552 0.002895 1.888062 
354 -169823.402308 3477261.668709 -0.133733 -0.002021 0.003398 1.891074 
355 -169823.473837 3477261.644451 -0.137313 0.001931 0.002065 1.896674 
356 -169823.548617 3477261.618377 -0.137083 0.001729 0.004806 1.905892 
357 -169823.735111 3477261.552244 -0.138382 0.003137 0.000823 1.916580 
358 -169823.914452 3477261.486072 -0.136335 0.000881 0.002060 1.930060 
359 -169824.091869 3477261.420086 -0.134272 -0.001450 0.001195 1.930807 
360 -169824.259369 3477261.357840 -0.134602 -0.001051 0.001085 1.931573 
361 -169824.397162 3477261.306141 -0.136242 0.000772 0.003500 1.938401 
362 -169824.586664 3477261.232420 -0.135245 -0.000333 0.002375 1.946917 
363 -169824.717162 3477261.179617 -0.132053 -0.003927 0.004866 1.972824 
364 -169824.817523 3477261.135213 -0.131646 -0.004384 0.002025 1.977560 
365 -169824.894628 3477261.102977 -0.135939 0.000391 0.000955 1.986268 
366 -169824.983265 3477261.064100 -0.135207 -0.000404 0.002962 1.993836 
367 -169825.126932 3477260.998191 -0.139121 0.003943 0.000344 2.004335 
368 -169825.304115 3477260.914715 -0.134228 -0.001422 0.002140 2.024903 
369 -169825.426166 3477260.855555 -0.133429 -0.002392 0.000376 2.025865 
370 -169825.510194 3477260.815105 -0.132693 -0.003134 0.001025 2.035318 
371 -169825.586893 3477260.776395 -0.135965 0.000460 0.001227 2.034902 
372 -169825.669501 3477260.735682 -0.134551 -0.001120 0.001715 2.035098 
373 -169825.746698 3477260.697244 -0.135388 -0.000213 0.002714 2.038988 
374 -169825.818002 3477260.660760 -0.134506 -0.001142 0.002466 2.042897 
375 -169825.862191 3477260.637439 -0.134458 -0.001212 0.002454 2.045638 
376 -169825.890346 3477260.623035 -0.134642 -0.000963 0.002267 2.045328 
377 -169825.926420 3477260.604402 -0.137248 0.001926 0.002300 2.044900 
378 -169825.983554 3477260.575926 -0.136020 0.000540 0.002185 2.047187 
379 -169826.066093 3477260.532986 -0.136727 0.001296 0.002708 2.049416 
380 -169826.151913 3477260.487713 -0.133921 -0.001777 0.002240 2.060685 
381 -169826.205204 3477260.459227 -0.133797 -0.001963 0.002356 2.065972 
382 -169826.243710 3477260.438143 -0.133931 -0.001798 0.002606 2.067881 
383 -169826.270228 3477260.423768 -0.135671 0.000122 0.003217 2.074064 
384 -169826.321303 3477260.396209 -0.135804 0.000317 0.002735 2.077013 
385 -169826.400013 3477260.352684 -0.138725 0.003529 0.001822 2.083025 
386 -169826.504686 3477260.294168 -0.135333 -0.000258 0.002205 2.086244 
387 -169826.629491 3477260.223475 -0.137847 0.002599 0.001161 2.087761 
388 -169826.747782 3477260.156326 -0.134269 -0.001409 0.003236 2.094419 
389 -169826.892601 3477260.071570 -0.136035 0.000537 0.001352 2.094453 
390 -169827.014452 3477260.001297 -0.136602 0.001167 0.000809 2.099801 
391 -169827.145043 3477259.925340 -0.135883 0.000421 0.003561 2.112947 
392 -169827.337567 3477259.807381 -0.137824 0.002500 0.001434 2.123294 
393 -169827.501210 3477259.704490 -0.133329 -0.002443 0.000095 2.138422 
394 -169827.616942 3477259.629305 -0.132141 -0.003777 0.001674 2.149217 
395 -169827.708075 3477259.570770 -0.132736 -0.003105 0.000901 2.155878 
396 -169827.756356 3477259.538533 -0.132927 -0.002981 0.000355 2.156423 
397 -169827.802802 3477259.507605 -0.136173 0.000683 0.000837 2.156401 
398 -169827.857313 3477259.471629 -0.136286 0.000879 0.000951 2.160287 
399 -169827.913090 3477259.433953 -0.136146 0.000701 0.001772 2.165326 
400 -169828.009052 3477259.368289 -0.137383 0.002074 0.001546 2.171230 
401 -169828.102059 3477259.304598 -0.137557 0.002331 0.000673 2.178206 
402 -169828.218251 3477259.224285 -0.134963 -0.000648 0.002071 2.184157 
403 -169828.301425 3477259.165965 -0.133753 -0.001935 0.001577 2.184170 
404 -169828.359989 3477259.125232 -0.135879 0.000390 0.001594 2.184262 
405 -169828.434760 3477259.072537 -0.140056 0.005113 0.001660 2.183930 
406 -169828.557997 3477258.986229 -0.140658 0.005823 0.001661 2.183955 
407 -169828.740399 3477258.858260 -0.139250 0.004131 0.001675 2.183992 
408 -169828.946083 3477258.713807 -0.136599 0.001198 0.001455 2.184020 
409 -169829.209462 3477258.528797 -0.135156 -0.000488 0.001434 2.184046 
410 -169829.408182 3477258.389402 -0.130543 -0.005604 0.001645 2.184101 
411 -169829.562157 3477258.281258 -0.132231 -0.003725 0.001537 2.184144 
412 -169829.673871 3477258.203025 -0.132153 -0.003730 0.001590 2.184194 
413 -169829.769823 3477258.136141 -0.134262 -0.001396 0.001935 2.184280 
414 -169829.848422 3477258.081287 -0.135595 0.000112 0.001845 2.184341 
415 -169829.926415 3477258.026824 -0.136593 0.001265 0.001699 2.184382 
416 -169830.021337 3477257.960398 -0.136888 0.001562 0.001446 2.184392 
417 -169830.109203 3477257.898846 -0.135763 0.000342 0.001247 2.184449 
418 -169830.196898 3477257.837488 -0.137138 0.001841 0.001516 2.184502 
419 -169830.317279 3477257.753162 -0.135805 0.000310 0.001943 2.184522 
420 -169830.415804 3477257.684266 -0.134231 -0.000256 0.002044 2.184561 
421 -169830.511195 3477257.617459 -0.134208 -0.000009 0.001772 2.184550 
422 -169830.593925 3477257.559510 -0.135914 0.001884 0.001637 2.184527 
423 -169830.709218 3477257.478133 -0.135171 0.000961 0.003383 2.191867 
424 -169830.785814 3477257.423055 -0.133325 -0.001091 0.002378 2.193727 
425 -169830.853934 3477257.373318 -0.134233 -0.001736 0.001942 2.193131 
426 -169830.928812 3477257.318924 -0.137515 0.002110 0.001600 2.193870 
427 -169831.025614 3477257.248074 -0.137792 0.002491 0.003287 2.202805 
428 -169831.181049 3477257.134451 -0.136578 0.001131 0.002477 2.208246 
429 -169831.338676 3477257.016355 -0.138622 0.003472 0.000413 2.215012 
430 -169831.518920 3477256.878592 -0.135972 0.000489 0.000953 2.235621 
431 -169831.700761 3477256.735164 -0.132645 -0.002829 -0.001660 2.240389 
432 -169831.847440 3477256.618191 -0.131411 -0.003510 -0.001950 2.239876 
433 -169831.981224 3477256.510633 -0.131725 -0.003150 -0.002387 2.238924 
434 -169832.112054 3477256.405877 -0.134040 -0.001153 -0.001920 2.238015 
435 -169832.242421 3477256.301570 -0.135713 0.000130 -0.003210 2.237156 
436 -169832.372889 3477256.197527 -0.134721 -0.000320 -0.002611 2.236773 
437 -169832.471039 3477256.118992 -0.135721 0.000910 -0.003226 2.236450 
438 -169832.585707 3477256.026893 -0.136642 0.001990 -0.002939 2.235732 
439 -169832.715092 3477255.924422 -0.138376 0.003895 -0.003230 2.235902 
440 -169832.866093 3477255.804490 -0.138145 0.002958 -0.004743 2.235587 
441 -169833.092523 3477255.625096 -0.138942 0.003847 -0.005737 2.235240 
442 -169833.274252 3477255.480955 -0.137149 0.001892 -0.006783 2.234979 
443 -169833.460800 3477255.333250 -0.135387 -0.000084 -0.008040 2.234717 
444 -169833.572470 3477255.243660 -0.133132 -0.001347 -0.008940 2.234281 
445 -169833.652938 3477255.178484 -0.134330 0.000035 -0.009025 2.234000 
446 -169833.727640 3477255.117166 -0.135413 0.001205 -0.008526 2.233686 
447 -169833.799974 3477255.058768 -0.135854 0.001699 -0.008176 2.233629 
448 -169833.884960 3477254.990867 -0.137979 0.004040 -0.007843 2.233633 
449 -169834.006830 3477254.893533 -0.138613 0.004750 -0.007592 2.233629 
450 -169834.144554 3477254.784871 -0.136291 0.001531 -0.008962 2.233687 
451 -169834.265038 3477254.688426 -0.133985 -0.001583 -0.008420 2.233503 
452 -169834.356000 3477254.615418 -0.135201 -0.000347 -0.008596 2.233357 
453 -169834.435516 3477254.550906 -0.135363 -0.000134 -0.008083 2.233002 
454 -169834.494374 3477254.503152 -0.135980 0.000562 -0.007845 2.233079 
455 -169834.564501 3477254.446287 -0.138690 0.003621 -0.007420 2.232827 
456 -169834.724354 3477254.319949 -0.143539 0.008363 -0.005795 2.233331 
457 -169834.966381 3477254.129100 -0.135007 -0.000259 -0.008254 2.233188 
458 -169835.155643 3477253.979842 -0.130769 -0.004817 -0.009743 2.233170 
459 -169835.301200 3477253.864793 -0.131108 -0.003801 -0.010052 2.233197 
460 -169835.392968 3477253.790838 -0.131731 -0.003003 -0.010468 2.233046 
461 -169835.447870 3477253.745550 -0.132595 -0.002019 -0.010047 2.233029 
462 -169835.494305 3477253.706609 -0.135166 0.000370 -0.008621 2.232875 
463 -169835.551195 3477253.660271 -0.136533 0.001813 -0.007594 2.233263 
464 -169835.624428 3477253.601351 -0.137313 0.002704 -0.006816 2.233707 
465 -169835.702797 3477253.538172 -0.137391 0.002818 -0.006378 2.233563 
466 -169835.795204 3477253.464222 -0.136523 0.001848 -0.005851 2.233477 
467 -169835.894965 3477253.384295 -0.135677 0.000218 -0.006038 2.233298 
468 -169835.988544 3477253.309798 -0.136514 0.001081 -0.006067 2.233235 
469 -169836.079467 3477253.237376 -0.135254 -0.000277 -0.005726 2.233188 
470 -169836.173055 3477253.162967 -0.135233 -0.000300 -0.006212 2.233161 
471 -169836.240858 3477253.108470 -0.135025 -0.000547 -0.006618 2.233099 
472 -169836.303817 3477253.057405 -0.136028 0.000603 -0.006728 2.232891 
473 -169836.352787 3477253.017269 -0.136834 0.001519 -0.006209 2.232752 
474 -169836.424808 3477252.960164 -0.137811 0.002527 -0.004326 2.232926 
475 -169836.522904 3477252.882396 -0.136688 0.001773 -0.004394 2.232989 
476 -169836.628803 3477252.798260 -0.136146 0.001281 -0.005095 2.232947 
477 -169836.748431 3477252.703274 -0.134763 -0.000251 -0.005379 2.232820 
478 -169836.870653 3477252.606326 -0.134102 -0.000985 -0.005792 2.232897 
479 -169836.964047 3477252.531756 -0.134295 0.000491 -0.006453 2.232840 
480 -169837.059984 3477252.455071 -0.134434 0.000829 -0.006239 2.232839 
481 -169837.129852 3477252.398636 -0.135718 0.001437 -0.006934 2.232919 
482 -169837.190194 3477252.349891 -0.135919 0.001763 -0.006915 2.232907 
483 -169837.250472 3477252.300765 -0.135805 0.001681 -0.006447 2.232862 
484 -169837.304784 3477252.256966 -0.136049 0.001999 -0.005934 2.233028 
485 -169837.367484 3477252.206619 -0.136230 0.001113 -0.004988 2.232983 
486 -169837.429252 3477252.156648 -0.135398 -0.000262 -0.005453 2.232765 
487 -169837.494423 3477252.104202 -0.136533 0.001125 -0.004649 2.232529 
488 -169837.560673 3477252.051429 -0.136803 0.001518 -0.004109 2.232387 
489 -169837.642704 3477251.986556 -0.136807 0.001494 -0.003563 2.232323 
490 -169837.723456 3477251.922420 -0.135978 0.000557 -0.004013 2.232233 
491 -169837.808065 3477251.855794 -0.137559 0.002235 -0.004216 2.232528 
492 -169837.918695 3477251.768284 -0.135805 0.000291 -0.004460 2.232488 
493 -169838.015072 3477251.691736 -0.136395 0.001009 -0.005306 2.232370 
494 -169838.118451 3477251.609339 -0.136812 0.001513 -0.006239 2.232367 
495 -169838.230204 3477251.521014 -0.134085 -0.000963 -0.007374 2.232616 
496 -169838.336981 3477251.436590 -0.132919 -0.001794 -0.007331 2.232677 
497 -169838.433661 3477251.359051 -0.131988 -0.002813 -0.007126 2.232696 
498 -169838.513197 3477251.294925 -0.134055 -0.000516 -0.007246 2.232560 
499 -169838.601234 3477251.224012 -0.134594 -0.000325 -0.006376 2.232242 
500 -169838.674711 3477251.164988 -0.136570 0.000907 -0.007191 2.231998 
501 -169838.757562 3477251.098685 -0.135689 0.000085 -0.007069 2.232101 
502 -169838.829686 3477251.041121 -0.136494 0.001105 -0.006963 2.232193 
503 -169838.907235 3477250.978973 -0.135594 0.000077 -0.006474 2.232259 
504 -169838.963280 3477250.933543 -0.136712 0.001355 -0.006149 2.232151 
505 -169839.033934 3477250.876917 -0.137885 0.002690 -0.006160 2.232191 
506 -169839.099691 3477250.824300 -0.137143 0.001907 -0.005800 2.232199 
507 -169839.162162 3477250.774427 -0.137717 0.002520 -0.005235 2.232262 
508 -169839.227465 3477250.722215 -0.137142 0.001876 -0.004939 2.232299 
509 -169839.400560 3477250.585496 -0.145643 0.010523 -0.004251 2.232420 
510 -169839.655443 3477250.385276 -0.137562 0.001740 -0.005951 2.232621 
511 -169839.896224 3477250.195623 -0.133060 -0.002946 -0.008145 2.232717 
512 -169840.080199 3477250.050340 -0.132283 -0.003636 -0.010014 2.232790 
513 -169840.170389 3477249.972605 -0.136251 0.018743 0.001855 2.233759 
514 -169840.307098 3477249.864788 -0.137854 0.008759 -0.015577 2.232984 
515 -169840.457470 3477249.746849 -0.133993 -0.006050 -0.006609 2.233256 
516 -169840.545883 3477249.676502 -0.131795 -0.004994 -0.007654 2.233268 
517 -169840.604266 3477249.628323 -0.133197 -0.003055 -0.007834 2.233013 
518 -169840.670365 3477249.574593 -0.136566 0.000978 -0.007538 2.232999 
519 -169840.777689 3477249.489676 -0.139295 0.004133 -0.007454 2.233496 
520 -169840.919779 3477249.377078 -0.136096 0.000617 -0.008138 2.233812 
521 -169841.047963 3477249.274930 -0.134135 -0.001537 -0.008177 2.233766 
522 -169841.138842 3477249.201849 -0.135055 -0.000520 -0.007941 2.233611 
523 -169841.234725 3477249.124876 -0.136421 0.001072 -0.007637 2.233448 
524 -169841.319862 3477249.056272 -0.135984 0.000599 -0.007670 2.233274 
525 -169841.396854 3477248.995833 -0.121275 -0.008990 -0.003475 2.234783 
526 -169841.463612 3477248.943519 -0.093972 -0.025439 -0.004831 2.235366 
527 -169841.548480 3477248.874920 -0.115401 -0.012216 -0.012470 2.234512 
528 -169841.638558 3477248.802884 -0.140622 0.002435 -0.005846 2.234721 
529 -169841.703231 3477248.750525 -0.137582 0.001584 -0.006488 2.234425 
530 -169841.777777 3477248.690486 -0.135889 0.000112 -0.006438 2.234212 
531 -169841.832802 3477248.645262 -0.135768 0.000120 -0.006297 2.233776 
532 -169841.890707 3477248.598294 -0.136312 0.000853 -0.006040 2.233565 
533 -169841.947230 3477248.552708 -0.136966 0.001692 -0.005677 2.233440 
534 -169842.013583 3477248.499397 -0.138348 0.003167 -0.004883 2.233305 
535 -169842.166786 3477248.377991 -0.145753 0.010575 -0.004077 2.233403 
536 -169842.379960 3477248.209734 -0.138238 0.002725 -0.005870 2.233131 
537 -169842.582289 3477248.049925 -0.131674 -0.004396 -0.007919 2.233229 
538 -169842.709657 3477247.948372 -0.133223 -0.002611 -0.009226 2.233311 
539 -169842.834608 3477247.848440 -0.134999 -0.000556 -0.009501 2.233239 
540 -169842.948929 3477247.756868 -0.135314 -0.000225 -0.009961 2.233262 
541 -169843.065062 3477247.663611 -0.135725 0.000262 -0.010024 2.233110 
542 -169843.196952 3477247.557962 -0.137875 0.002627 -0.010002 2.232969 
543 -169843.396068 3477247.399861 -0.140461 0.005232 -0.009539 2.233107 
544 -169843.631107 3477247.213997 -0.137950 0.002264 -0.010117 2.233230 
545 -169843.817806 3477247.066116 -0.133290 -0.002682 -0.011538 2.233216 
546 -169843.961117 3477246.951355 -0.133520 -0.002592 -0.011333 2.233617 
547 -169844.056488 3477246.873743 -0.134778 -0.000885 -0.011671 2.233292 
548 -169844.147094 3477246.799993 -0.136548 0.001178 -0.011497 2.233194 
549 -169844.229608 3477246.733040 -0.137173 0.001967 -0.010570 2.233147 
550 -169844.332958 3477246.649686 -0.138300 0.003135 -0.009763 2.233040 
551 -169844.456727 3477246.550647 -0.137155 0.001894 -0.009693 2.233140 
552 -169844.572582 3477246.458118 -0.137760 0.002520 -0.009709 2.233218 
553 -169844.710214 3477246.348104 -0.137015 0.001699 -0.009964 2.233196 
554 -169844.844535 3477246.241023 -0.135956 0.000483 -0.010090 2.233211 
555 -169844.997098 3477246.119100 -0.135447 -0.000092 -0.010158 2.233201 
556 -169845.138510 3477246.006243 -0.135830 0.000356 -0.010355 2.233099 
557 -169845.292919 3477245.883152 -0.135257 -0.000291 -0.010873 2.233138 
558 -169845.439887 3477245.765506 -0.135732 0.000248 -0.010722 2.233112 
559 -169845.567435 3477245.663724 -0.136508 0.001129 -0.010725 2.233193 
560 -169845.732177 3477245.532718 -0.138401 0.003206 -0.010744 2.233548 
561 -169845.905878 3477245.394676 -0.139294 0.004055 -0.010429 2.234346 
562 -169846.127889 3477245.217654 -0.138422 0.003005 -0.010745 2.234338 
563 -169846.353773 3477245.037825 -0.137925 0.002616 -0.011365 2.234216 
564 -169846.578876 3477244.858694 -0.137847 0.002476 -0.011884 2.234178 
565 -169846.808568 3477244.675296 -0.134231 -0.001683 -0.012675 2.233930 
566 -169846.997826 3477244.523836 -0.134632 -0.001151 -0.013078 2.233629 
567 -169847.166102 3477244.389251 -0.137232 0.001722 -0.013027 2.233695 
568 -169847.388060 3477244.211810 -0.136237 0.000527 -0.012769 2.233621 
569 -169847.585931 3477244.054275 -0.135375 -0.000284 -0.013299 2.233551 
570 -169847.772396 3477243.904778 -0.135276 -0.000481 -0.013730 2.233318 
571 -169847.947616 3477243.764041 -0.135399 -0.000364 -0.013241 2.233024 
572 -169848.116420 3477243.629017 -0.136603 0.001088 -0.013639 2.233047 
573 -169848.287133 3477243.492332 -0.136762 0.001264 -0.013358 2.233007 
574 -169848.461283 3477243.353279 -0.137281 0.001694 -0.013145 2.233643 
575 -169848.651879 3477243.200911 -0.137050 0.001439 -0.012972 2.233657 
576 -169848.841605 3477243.049002 -0.137372 0.001736 -0.012914 2.233615 
577 -169849.036747 3477242.893519 -0.135951 0.000389 -0.013640 2.233566 
578 -169849.221000 3477242.745887 -0.135770 0.000220 -0.014083 2.233343 
579 -169849.386825 3477242.612981 -0.136129 0.000476 -0.014030 2.233332 
580 -169849.541210 3477242.489197 -0.135958 0.000458 -0.013984 2.233258 
581 -169849.682504 3477242.375867 -0.135686 0.000166 -0.013684 2.233615 
582 -169849.806888 3477242.275296 -0.137024 0.001518 -0.013100 2.233478 
583 -169849.928016 3477242.177771 -0.136030 0.000603 -0.012672 2.233482 
584 -169850.024638 3477242.099153 -0.135639 0.000176 -0.012072 2.233304 
585 -169850.099994 3477242.037820 -0.136947 0.001658 -0.011111 2.233294 
586 -169850.187387 3477241.966839 -0.136385 0.001021 -0.010666 2.233168 
587 -169850.273256 3477241.896863 -0.136591 0.001273 -0.009966 2.232984 
588 -169850.348646 3477241.835638 -0.135792 0.000376 -0.009395 2.232794 
589 -169850.415844 3477241.780916 -0.136009 0.000596 -0.008866 2.232745 
590 -169850.492518 3477241.718665 -0.136394 0.001050 -0.008289 2.232548 
591 -169850.567352 3477241.658738 -0.137308 0.002061 -0.007931 2.232673 
592 -169850.641361 3477241.598821 -0.136571 0.001242 -0.007424 2.232492 
593 -169850.708168 3477241.544612 -0.137257 0.002034 -0.007257 2.232393 
594 -169850.777631 3477241.488636 -0.138110 0.002943 -0.006942 2.232377 
595 -169850.869764 3477241.415125 -0.137106 0.001838 -0.006834 2.232431 
596 -169850.970809 3477241.334754 -0.137168 0.001883 -0.006539 2.232564 
597 -169851.091566 3477241.239168 -0.136033 0.000583 -0.006955 2.232793 
598 -169851.205629 3477241.148250 -0.136118 0.000671 -0.007438 2.232794 
599 -169851.310331 3477241.064861 -0.136447 0.001069 -0.007583 2.232871 
600 -169851.404642 3477240.989261 -0.136805 0.001495 -0.007826 2.232895 
601 -169851.495697 3477240.917063 -0.138162 0.003040 -0.007860 2.233569 
602 -169851.602792 3477240.831341 -0.137000 0.001707 -0.007740 2.233493 
603 -169851.709432 3477240.746346 -0.138096 0.002950 -0.007683 2.233590 
604 -169851.832904 3477240.647830 -0.135985 0.000556 -0.008045 2.233511 
605 -169851.965360 3477240.542303 -0.136968 0.001636 -0.008111 2.233509 
606 -169852.098021 3477240.436546 -0.136704 0.001391 -0.008451 2.233452 
607 -169852.234906 3477240.327703 -0.137928 0.002730 -0.008941 2.233648 
608 -169852.393861 3477240.201258 -0.136245 0.000840 -0.009328 2.233594 
609 -169852.557611 3477240.071639 -0.136640 0.001255 -0.009596 2.234371 
610 -169852.747357 3477239.920760 -0.136989 0.001628 -0.009760 2.234244 
611 -169852.932567 3477239.773113 -0.137408 0.002109 -0.010555 2.234090 
612 -169853.134159 3477239.612596 -0.136733 0.001385 -0.011121 2.233978 
613 -169853.343788 3477239.445276 -0.137246 0.001932 -0.012058 2.233884 
614 -169853.566923 3477239.267742 -0.135585 0.000074 -0.012751 2.233803 
615 -169853.795512 3477239.085296 -0.134278 -0.001616 -0.012841 2.233598 
616 -169853.957616 3477238.955608 -0.134356 -0.001418 -0.012872 2.233652 
617 -169854.087133 3477238.851941 -0.135570 0.000084 -0.013166 2.234175 
618 -169854.206600 3477238.755521 -0.137695 0.002251 -0.012315 2.234324 
619 -169854.357997 3477238.633958 -0.137729 0.002388 -0.011900 2.234182 
620 -169854.515116 3477238.508123 -0.137629 0.002299 -0.011930 2.234018 
621 -169854.691600 3477238.367190 -0.135982 0.000518 -0.011622 2.234053 
622 -169854.828763 3477238.257601 -0.135727 0.000293 -0.011492 2.234344 
623 -169854.969603 3477238.144227 -0.137823 0.002637 -0.011790 2.234175 
624 -169855.149291 3477238.000872 -0.138239 0.002790 -0.010754 2.234572 
625 -169855.354550 3477237.837176 -0.136751 0.001305 -0.010987 2.234446 
626 -169855.539364 3477237.689666 -0.137463 0.002196 -0.011786 2.234265 
627 -169855.713427 3477237.550232 -0.136938 0.001635 -0.012230 2.234067 
628 -169855.914745 3477237.390384 -0.135271 -0.000304 -0.012247 2.233967 
