s-vi-dso +0.000000 +0.000000 +0.000000 gt +0.000615 +0.068858 +0.000092 s-dso -0.000667 -0.000010 -0.000000
s-vi-dso -0.003732 +0.084749 -0.000010 gt +0.000986 +0.128313 -0.000792 s-dso -0.001321 -0.000020 +0.000005
s-vi-dso -0.003451 +0.172652 -0.000042 gt +0.001203 +0.202828 -0.002850 s-dso -0.001244 -0.000030 +0.000009
s-vi-dso -0.009547 +0.269470 -0.000030 gt +0.001369 +0.272894 -0.002089 s-dso -0.001450 -0.000040 +0.000015
s-vi-dso -0.008999 +0.357655 -0.000031 gt +0.001361 +0.334364 -0.001527 s-dso -0.001086 -0.000050 +0.000020
s-vi-dso -0.010728 +0.453936 +0.000021 gt +0.001341 +0.384153 -0.001699 s-dso -0.000717 -0.000060 +0.000025
s-vi-dso -0.011468 +0.512835 +0.000089 gt +0.001268 +0.431459 -0.002298 s-dso -0.000444 -0.000070 +0.000028
s-vi-dso -0.011303 +0.575386 +0.000021 gt +0.001473 +0.472641 -0.001978 s-dso -0.001397 -0.000080 +0.000032
s-vi-dso -0.013977 +0.632553 +0.000057 gt +0.001617 +0.517499 -0.001737 s-dso -0.000617 -0.000090 +0.000035
s-vi-dso -0.012981 +0.697960 +0.000049 gt +0.001869 +0.552070 -0.001840 s-dso -0.000295 -0.000100 +0.000038
s-vi-dso -0.014751 +0.746915 -0.000009 gt +0.001669 +0.585065 -0.004181 s-dso -0.000755 -0.000110 +0.000041
s-vi-dso -0.013270 +0.784212 -0.000007 gt +0.001442 +0.619220 -0.004816 s-dso -0.001030 -0.000120 +0.000043
s-vi-dso -0.015260 +0.822724 +0.000036 gt +0.001041 +0.658867 -0.004676 s-dso -0.000920 -0.000130 +0.000045
s-vi-dso -0.017556 +0.877341 -0.000006 gt +0.001115 +0.723017 -0.007331 s-dso -0.001253 -0.000140 +0.000048
s-vi-dso -0.021184 +0.962209 +0.000059 gt +0.000965 +0.902600 -0.007488 s-dso -0.001192 -0.000150 +0.000053
s-vi-dso -0.006470 +0.989067 -0.000009 gt +0.000206 +1.105640 -0.005362 s-dso -0.000986 -0.000160 +0.000054
s-vi-dso -0.011317 +1.276352 -0.000091 gt -0.000261 +1.276047 -0.004139 s-dso -0.000444 -0.000170 +0.000071
s-vi-dso -0.012234 +1.311132 -0.000502 gt -0.001065 +1.456095 -0.004986 s-dso -0.001372 -0.000182 +0.000072
s-vi-dso -0.009139 +1.329506 -0.000476 gt -0.001971 +1.601752 -0.004363 s-dso -0.001384 -0.000192 +0.000073
s-vi-dso -0.016518 +1.537125 -0.000532 gt -0.002430 +1.724594 -0.005275 s-dso -0.000880 -0.000202 +0.000085
s-vi-dso -0.017688 +1.702208 -0.000571 gt -0.003596 +1.838080 -0.007327 s-dso -0.000709 -0.000212 +0.000094
s-vi-dso -0.013171 +1.738946 -0.000572 gt -0.003936 +2.067063 -0.009072 s-dso -0.001330 -0.000222 +0.000096
s-vi-dso -0.015334 +1.760767 -0.000403 gt -0.004890 +2.264866 -0.007464 s-dso -0.000477 -0.000232 +0.000097
s-vi-dso -0.023256 +2.082503 -0.000498 gt -0.005813 +2.459562 -0.006929 s-dso -0.001476 -0.000242 +0.000116
s-vi-dso -0.022734 +2.099514 -0.000592 gt -0.007303 +2.617128 -0.007731 s-dso -0.001641 -0.000252 +0.000116
s-vi-dso -0.019342 +2.118570 -0.000553 gt -0.007951 +2.749184 -0.007425 s-dso -0.000737 -0.000262 +0.000117
s-vi-dso -0.020058 +2.324565 -0.000624 gt -0.008705 +2.861507 -0.007029 s-dso -0.000993 -0.000272 +0.000129
s-vi-dso -0.021400 +2.466208 -0.000682 gt -0.009599 +2.943672 -0.007885 s-dso -0.001037 -0.000283 +0.000137
s-vi-dso -0.023602 +2.578812 -0.000716 gt -0.010671 +3.005729 -0.009133 s-dso -0.001142 -0.000293 +0.000143
s-vi-dso -0.022937 +2.669368 -0.000721 gt -0.011875 +3.079263 -0.010344 s-dso -0.000606 -0.000303 +0.000148
s-vi-dso -0.022194 +2.757714 -0.000721 gt -0.012707 +3.161218 -0.011496 s-dso -0.001056 -0.000313 +0.000153
s-vi-dso -0.020006 +2.862246 -0.000739 gt -0.013222 +3.240386 -0.010231 s-dso -0.001086 -0.000323 +0.000159
s-vi-dso -0.021166 +2.977580 -0.000732 gt -0.013909 +3.322865 -0.009806 s-dso -0.001229 -0.000333 +0.000165
s-vi-dso -0.025494 +3.098640 -0.000761 gt -0.014460 +3.387982 -0.010107 s-dso -0.000871 -0.000343 +0.000172
s-vi-dso -0.025401 +3.198977 -0.000766 gt -0.015141 +3.461435 -0.010513 s-dso -0.001823 -0.000353 +0.000178
s-vi-dso -0.025910 +3.286686 -0.000764 gt -0.016158 +3.523488 -0.010662 s-dso -0.001592 -0.000363 +0.000183
s-vi-dso -0.025254 +3.383691 -0.000729 gt -0.016759 +3.602260 -0.010420 s-dso -0.000828 -0.000373 +0.000188
s-vi-dso -0.026452 +3.481714 -0.000744 gt -0.017273 +3.667882 -0.010240 s-dso -0.000757 -0.000383 +0.000194
s-vi-dso -0.027120 +3.573253 -0.000794 gt -0.017794 +3.728057 -0.010707 s-dso -0.000784 -0.000393 +0.000199
s-vi-dso -0.030349 +3.652996 -0.000844 gt -0.018385 +3.791920 -0.011335 s-dso -0.001350 -0.000403 +0.000203
s-vi-dso -0.032020 +3.736157 -0.000806 gt -0.018792 +3.855973 -0.013395 s-dso -0.001710 -0.000413 +0.000208
s-vi-dso -0.035724 +3.829265 -0.000820 gt -0.019381 +3.928216 -0.013569 s-dso -0.001434 -0.000423 +0.000213
s-vi-dso -0.027083 +3.880837 -0.000867 gt -0.019914 +3.991048 -0.013520 s-dso -0.000795 -0.000433 +0.000216
s-vi-dso -0.031899 +3.976932 -0.000912 gt -0.020388 +4.059703 -0.013635 s-dso -0.001782 -0.000444 +0.000221
s-vi-dso -0.035322 +4.057676 -0.000887 gt -0.021132 +4.122951 -0.013673 s-dso -0.001820 -0.000454 +0.000225
s-vi-dso -0.037295 +4.144623 -0.000933 gt -0.021456 +4.190025 -0.013531 s-dso -0.001138 -0.000464 +0.000230
s-vi-dso -0.037132 +4.237782 -0.001007 gt -0.021792 +4.249602 -0.013565 s-dso -0.001219 -0.000474 +0.000235
s-vi-dso -0.039343 +4.329329 -0.001073 gt -0.022185 +4.319725 -0.013618 s-dso -0.001423 -0.000484 +0.000241
s-vi-dso -0.038145 +4.415024 -0.001122 gt -0.022853 +4.378170 -0.012923 s-dso -0.001628 -0.000494 +0.000245
s-vi-dso -0.041547 +4.506623 -0.001104 gt -0.023273 +4.443366 -0.013138 s-dso -0.001738 -0.000504 +0.000250
s-vi-dso -0.045674 +4.583660 -0.001101 gt -0.023727 +4.519638 -0.012740 s-dso -0.002093 -0.000514 +0.000255
s-vi-dso -0.048417 +4.691118 -0.001101 gt -0.024692 +4.586352 -0.013059 s-dso -0.002128 -0.000524 +0.000261
s-vi-dso -0.046893 +4.798447 -0.001164 gt -0.025039 +4.652470 -0.013440 s-dso -0.001418 -0.000535 +0.000267
s-vi-dso -0.048930 +4.888703 -0.001203 gt -0.025182 +4.731092 -0.013618 s-dso -0.001636 -0.000545 +0.000272
s-vi-dso -0.050986 +4.985461 -0.001219 gt -0.025968 +4.806708 -0.013418 s-dso -0.001211 -0.000555 +0.000277
s-vi-dso -0.053428 +5.095552 -0.001263 gt -0.026463 +4.862452 -0.014913 s-dso -0.002088 -0.000565 +0.000283
s-vi-dso -0.058662 +5.181190 -0.001309 gt -0.026852 +4.923494 -0.015515 s-dso -0.001419 -0.000575 +0.000288
s-vi-dso -0.061059 +5.264228 -0.001444 gt -0.027157 +4.982707 -0.016024 s-dso -0.001924 -0.000586 +0.000293
s-vi-dso -0.060609 +5.338079 -0.001470 gt -0.027276 +5.040110 -0.015702 s-dso -0.001404 -0.000596 +0.000297
s-vi-dso -0.060603 +5.419125 -0.001503 gt -0.027406 +5.091043 -0.015069 s-dso -0.002228 -0.000606 +0.000301
s-vi-dso -0.064907 +5.496904 -0.001630 gt -0.027619 +5.126728 -0.015456 s-dso -0.001498 -0.000617 +0.000305
s-vi-dso -0.069614 +5.549659 -0.001633 gt -0.027969 +5.164139 -0.015804 s-dso -0.001441 -0.000627 +0.000308
s-vi-dso -0.071213 +5.601153 -0.001595 gt -0.028493 +5.226141 -0.017686 s-dso -0.002301 -0.000636 +0.000311
s-vi-dso -0.072136 +5.682726 -0.001712 gt -0.028678 +5.318130 -0.017654 s-dso -0.001686 -0.000647 +0.000316
s-vi-dso -0.077580 +5.797477 -0.001791 gt -0.028531 +5.435928 -0.017096 s-dso -0.001246 -0.000657 +0.000322
s-vi-dso -0.083710 +5.961072 -0.001875 gt -0.029162 +5.534514 -0.016228 s-dso -0.002338 -0.000668 +0.000331
s-vi-dso -0.091402 +6.105142 -0.001994 gt -0.029645 +5.620754 -0.016005 s-dso -0.001493 -0.000678 +0.000339
s-vi-dso -0.096805 +6.237442 -0.002095 gt -0.029941 +5.719928 -0.016237 s-dso -0.001710 -0.000688 +0.000347
s-vi-dso -0.099286 +6.375480 -0.002155 gt -0.030410 +5.822991 -0.015384 s-dso -0.002016 -0.000699 +0.000354
s-vi-dso -0.104325 +6.507700 -0.002216 gt -0.030713 +5.914620 -0.015976 s-dso -0.001174 -0.000709 +0.000362
s-vi-dso -0.108839 +6.633891 -0.002283 gt -0.031641 +5.994207 -0.016439 s-dso -0.001931 -0.000719 +0.000369
s-vi-dso -0.112355 +6.743004 -0.002398 gt -0.032167 +6.065882 -0.016993 s-dso -0.001841 -0.000730 +0.000375
s-vi-dso -0.116782 +6.841246 -0.002536 gt -0.032606 +6.120879 -0.017966 s-dso -0.002140 -0.000740 +0.000380
s-vi-dso -0.119672 +6.923970 -0.002625 gt -0.032726 +6.186598 -0.018864 s-dso -0.001576 -0.000750 +0.000385
s-vi-dso -0.120057 +7.004029 -0.002668 gt -0.033280 +6.242454 -0.018571 s-dso -0.002445 -0.000761 +0.000390
s-vi-dso -0.126456 +7.082287 -0.002764 gt -0.033760 +6.308912 -0.018998 s-dso -0.002009 -0.000771 +0.000394
s-vi-dso -0.129676 +7.172166 -0.002842 gt -0.034173 +6.393000 -0.018932 s-dso -0.001489 -0.000781 +0.000399
s-vi-dso -0.133167 +7.286864 -0.002960 gt -0.034600 +6.487224 -0.019220 s-dso -0.002441 -0.000792 +0.000405
s-vi-dso -0.137867 +7.414096 -0.003115 gt -0.034871 +6.597823 -0.018627 s-dso -0.002184 -0.000802 +0.000412
s-vi-dso -0.143005 +7.567943 -0.003286 gt -0.035278 +6.700766 -0.019457 s-dso -0.002572 -0.000813 +0.000421
s-vi-dso -0.146890 +7.707843 -0.003462 gt -0.035148 +6.807785 -0.020296 s-dso -0.002169 -0.000824 +0.000429
s-vi-dso -0.149075 +7.855265 -0.003586 gt -0.035804 +6.909067 -0.019680 s-dso -0.002231 -0.000834 +0.000437
s-vi-dso -0.153802 +8.001080 -0.003714 gt -0.036211 +6.998692 -0.020684 s-dso -0.002631 -0.000845 +0.000445
s-vi-dso -0.156023 +8.120845 -0.003838 gt -0.036701 +7.077855 -0.020290 s-dso -0.001507 -0.000855 +0.000452
s-vi-dso -0.165023 +8.247872 -0.003936 gt -0.037341 +7.166956 -0.021230 s-dso -0.002539 -0.000866 +0.000459
s-vi-dso -0.167729 +8.367637 -0.004045 gt -0.037792 +7.255556 -0.020230 s-dso -0.002488 -0.000876 +0.000466
s-vi-dso -0.173388 +8.493224 -0.004135 gt -0.038064 +7.333656 -0.021177 s-dso -0.002249 -0.000887 +0.000473
s-vi-dso -0.181002 +8.581742 -0.004177 gt -0.038623 +7.404219 -0.022189 s-dso -0.001833 -0.000897 +0.000478
s-vi-dso -0.186645 +8.673590 -0.004182 gt -0.039568 +7.471527 -0.021704 s-dso -0.003008 -0.000907 +0.000483
s-vi-dso -0.190378 +8.767830 -0.004332 gt -0.040158 +7.529500 -0.022679 s-dso -0.002233 -0.000917 +0.000488
s-vi-dso -0.195001 +8.842935 -0.004367 gt -0.040641 +7.580963 -0.023068 s-dso -0.002619 -0.000927 +0.000492
s-vi-dso -0.198682 +8.922480 -0.004540 gt -0.040787 +7.644406 -0.023444 s-dso -0.003029 -0.000938 +0.000497
s-vi-dso -0.202977 +9.008540 -0.004577 gt -0.042054 +7.706661 -0.022843 s-dso -0.002856 -0.000948 +0.000501
s-vi-dso -0.205770 +9.084346 -0.004784 gt -0.042161 +7.810603 -0.028480 s-dso -0.002649 -0.000959 +0.000506
s-vi-dso -0.212851 +9.195306 -0.004888 gt -0.042002 +8.048213 -0.026408 s-dso -0.002444 -0.000970 +0.000512
s-vi-dso -0.233911 +9.509474 -0.005203 gt -0.041899 +8.285106 -0.020652 s-dso -0.003296 -0.000981 +0.000530
s-vi-dso -0.254331 +9.862526 -0.005600 gt -0.042408 +8.462706 -0.021243 s-dso -0.002787 -0.000992 +0.000550
s-vi-dso -0.268526 +10.111903 -0.005852 gt -0.043292 +8.605837 -0.022227 s-dso -0.002468 -0.001003 +0.000564
s-vi-dso -0.280597 +10.219552 -0.006018 gt -0.043970 +8.734768 -0.026628 s-dso -0.003470 -0.001014 +0.000570
s-vi-dso -0.293050 +10.380944 -0.006154 gt -0.044727 +8.860750 -0.025323 s-dso -0.002486 -0.001025 +0.000579
s-vi-dso -0.305807 +10.576298 -0.006338 gt -0.045646 +8.982572 -0.024173 s-dso -0.002719 -0.001035 +0.000590
s-vi-dso -0.318193 +10.746101 -0.006524 gt -0.046892 +9.087011 -0.025278 s-dso -0.002321 -0.001046 +0.000599
s-vi-dso -0.323140 +10.871662 -0.006713 gt -0.047663 +9.168440 -0.026162 s-dso -0.002623 -0.001057 +0.000607
s-vi-dso -0.327602 +10.981495 -0.006858 gt -0.048730 +9.240647 -0.026462 s-dso -0.003093 -0.001067 +0.000613
s-vi-dso -0.332598 +11.077129 -0.006963 gt -0.049541 +9.306315 -0.026424 s-dso -0.002766 -0.001078 +0.000618
s-vi-dso -0.332791 +11.168565 -0.007047 gt -0.050121 +9.361127 -0.027030 s-dso -0.002477 -0.001088 +0.000623
s-vi-dso -0.337532 +11.248839 -0.007126 gt -0.050501 +9.421631 -0.027957 s-dso -0.003220 -0.001099 +0.000628
s-vi-dso -0.341645 +11.328324 -0.007245 gt -0.050821 +9.480948 -0.026988 s-dso -0.003032 -0.001109 +0.000632
s-vi-dso -0.347072 +11.413299 -0.007349 gt -0.051260 +9.538241 -0.028611 s-dso -0.003007 -0.001119 +0.000637
s-vi-dso -0.347066 +11.485876 -0.007449 gt -0.051817 +9.601012 -0.029148 s-dso -0.002717 -0.001130 +0.000641
s-vi-dso -0.350791 +11.559868 -0.007545 gt -0.051940 +9.682264 -0.031229 s-dso -0.002870 -0.001140 +0.000645
s-vi-dso -0.355461 +11.661066 -0.007705 gt -0.052416 +9.786472 -0.029617 s-dso -0.003842 -0.001151 +0.000650
s-vi-dso -0.365837 +11.804355 -0.007894 gt -0.052962 +9.900108 -0.028049 s-dso -0.002950 -0.001162 +0.000658
s-vi-dso -0.376181 +11.965754 -0.008035 gt -0.053603 +10.011609 -0.028337 s-dso -0.003516 -0.001172 +0.000667
s-vi-dso -0.384662 +12.062658 -0.008209 gt -0.053965 +10.123033 -0.028545 s-dso -0.003360 -0.001183 +0.000673
s-vi-dso -0.392990 +12.214705 -0.008452 gt -0.054655 +10.226211 -0.027624 s-dso -0.004132 -0.001194 +0.000681
s-vi-dso -0.405891 +12.362228 -0.008638 gt -0.055123 +10.307234 -0.029078 s-dso -0.003936 -0.001205 +0.000690
s-vi-dso -0.411068 +12.474231 -0.008726 gt -0.056067 +10.396797 -0.030838 s-dso -0.004181 -0.001215 +0.000696
s-vi-dso -0.418046 +12.590265 -0.008780 gt -0.056466 +10.521569 -0.031966 s-dso -0.003805 -0.001225 +0.000702
s-vi-dso -0.423377 +12.684873 -0.008879 gt -0.056889 +10.667362 -0.030736 s-dso -0.003994 -0.001236 +0.000708
s-vi-dso -0.437970 +12.889414 -0.009145 gt -0.057171 +10.825141 -0.029573 s-dso -0.003462 -0.001247 +0.000719
s-vi-dso -0.456314 +13.108085 -0.009430 gt -0.058141 +10.941911 -0.029730 s-dso -0.004231 -0.001258 +0.000732
s-vi-dso -0.469494 +13.275889 -0.009631 gt -0.058804 +11.051257 -0.030298 s-dso -0.004094 -0.001269 +0.000741
s-vi-dso -0.480281 +13.423290 -0.009843 gt -0.059683 +11.150614 -0.031585 s-dso -0.004090 -0.001279 +0.000749
s-vi-dso -0.489591 +13.571395 -0.009996 gt -0.060351 +11.260103 -0.032949 s-dso -0.003851 -0.001290 +0.000758
s-vi-dso -0.496567 +13.698504 -0.010151 gt -0.060899 +11.377251 -0.032608 s-dso -0.004203 -0.001301 +0.000765
s-vi-dso -0.505041 +13.738876 -0.010397 gt -0.061536 +11.497337 -0.032211 s-dso -0.004190 -0.001312 +0.000767
s-vi-dso -0.520176 +13.904181 -0.010597 gt -0.062254 +11.611492 -0.033260 s-dso -0.004132 -0.001322 +0.000776
s-vi-dso -0.530843 +14.057008 -0.010827 gt -0.062829 +11.736527 -0.033282 s-dso -0.004785 -0.001333 +0.000785
s-vi-dso -0.544994 +14.227379 -0.011055 gt -0.063534 +11.852418 -0.032804 s-dso -0.003623 -0.001344 +0.000794
s-vi-dso -0.559026 +14.387245 -0.011305 gt -0.064616 +11.967495 -0.032958 s-dso -0.003946 -0.001355 +0.000803
s-vi-dso -0.571075 +14.527182 -0.011455 gt -0.065139 +12.060748 -0.034108 s-dso -0.004776 -0.001366 +0.000811
s-vi-dso -0.569318 +14.563664 -0.011553 gt -0.065802 +12.144115 -0.034543 s-dso -0.003779 -0.001376 +0.000813
s-vi-dso -0.575350 +14.679833 -0.011662 gt -0.066371 +12.238875 -0.035453 s-dso -0.004341 -0.001387 +0.000820
s-vi-dso -0.584841 +14.800053 -0.011797 gt -0.066881 +12.346848 -0.035155 s-dso -0.004918 -0.001397 +0.000826
s-vi-dso -0.578124 +14.818490 -0.011747 gt -0.067362 +12.468691 -0.035251 s-dso -0.004972 -0.001407 +0.000827
s-vi-dso -0.573193 +14.855598 -0.011914 gt -0.068042 +12.593434 -0.034649 s-dso -0.003777 -0.001418 +0.000829
s-vi-dso -0.569031 +14.938662 -0.012297 gt -0.068663 +12.719603 -0.035299 s-dso -0.004270 -0.001429 +0.000834
s-vi-dso -0.556734 +14.966235 -0.012116 gt -0.069453 +12.843129 -0.035059 s-dso -0.004074 -0.001438 +0.000835
s-vi-dso -0.549165 +14.999480 -0.012197 gt -0.070105 +12.967227 -0.036099 s-dso -0.004240 -0.001449 +0.000837
s-vi-dso -0.542456 +15.034210 -0.012033 gt -0.070565 +13.067404 -0.037122 s-dso -0.003737 -0.001458 +0.000839
s-vi-dso -0.533502 +15.063198 -0.012106 gt -0.071276 +13.165273 -0.037881 s-dso -0.003697 -0.001468 +0.000840
s-vi-dso -0.542670 +15.192996 -0.012316 gt -0.071689 +13.258499 -0.038246 s-dso -0.004872 -0.001479 +0.000848
s-vi-dso -0.532390 +15.227905 -0.012258 gt -0.072465 +13.351948 -0.038082 s-dso -0.004084 -0.001489 +0.000850
s-vi-dso -0.529276 +15.331833 -0.012548 gt -0.073125 +13.451106 -0.037939 s-dso -0.003896 -0.001500 +0.000855
s-vi-dso -0.522696 +15.450960 -0.012918 gt -0.073559 +13.558760 -0.039475 s-dso -0.004065 -0.001512 +0.000862
s-vi-dso -0.516493 +15.482323 -0.012771 gt -0.074213 +13.695828 -0.039429 s-dso -0.004765 -0.001521 +0.000864
s-vi-dso -0.506617 +15.530399 -0.012795 gt -0.074640 +13.826051 -0.038458 s-dso -0.004292 -0.001531 +0.000866
s-vi-dso -0.523409 +15.711748 -0.013084 gt -0.075374 +13.935449 -0.036795 s-dso -0.004769 -0.001542 +0.000877
s-vi-dso -0.510330 +15.837609 -0.013499 gt -0.075690 +14.035883 -0.039065 s-dso -0.003598 -0.001554 +0.000884
s-vi-dso -0.519929 +15.980995 -0.013733 gt -0.076835 +14.129089 -0.038230 s-dso -0.004047 -0.001565 +0.000892
s-vi-dso -0.532505 +16.098027 -0.013897 gt -0.077933 +14.205054 -0.039006 s-dso -0.004650 -0.001576 +0.000898
s-vi-dso -0.540869 +16.200633 -0.014054 gt -0.078532 +14.270650 -0.039227 s-dso -0.004936 -0.001586 +0.000904
s-vi-dso -0.548961 +16.298538 -0.014170 gt -0.079526 +14.341647 -0.039845 s-dso -0.004507 -0.001597 +0.000909
s-vi-dso -0.557211 +16.382643 -0.014223 gt -0.079795 +14.445097 -0.041107 s-dso -0.004279 -0.001607 +0.000914
s-vi-dso -0.567105 +16.509763 -0.014451 gt -0.080152 +14.569411 -0.039889 s-dso -0.004300 -0.001618 +0.000921
s-vi-dso -0.584561 +16.703621 -0.014752 gt -0.080399 +14.696401 -0.038959 s-dso -0.004208 -0.001629 +0.000932
s-vi-dso -0.599861 +16.864863 -0.014988 gt -0.081096 +14.781294 -0.039376 s-dso -0.004694 -0.001640 +0.000941
s-vi-dso -0.610533 +16.983641 -0.015222 gt -0.081572 +14.860876 -0.040651 s-dso -0.004589 -0.001651 +0.000948
s-vi-dso -0.601154 +17.029453 -0.015147 gt -0.082285 +14.941560 -0.039772 s-dso -0.004990 -0.001661 +0.000950
s-vi-dso -0.588649 +17.108684 -0.015490 gt -0.082921 +15.011993 -0.041331 s-dso -0.004136 -0.001672 +0.000955
s-vi-dso -0.596642 +17.194277 -0.015562 gt -0.083479 +15.096721 -0.041438 s-dso -0.004964 -0.001682 +0.000959
s-vi-dso -0.589731 +17.226360 -0.015651 gt -0.083824 +15.191204 -0.041824 s-dso -0.004046 -0.001693 +0.000961
s-vi-dso -0.576367 +17.261101 -0.015705 gt -0.084430 +15.278724 -0.040674 s-dso -0.004288 -0.001703 +0.000963
s-vi-dso -0.587990 +17.400003 -0.015910 gt -0.084941 +15.359288 -0.041737 s-dso -0.004973 -0.001714 +0.000971
s-vi-dso -0.594204 +17.497576 -0.016077 gt -0.085363 +15.431408 -0.042715 s-dso -0.005323 -0.001724 +0.000976
s-vi-dso -0.601531 +17.591481 -0.016205 gt -0.085720 +15.508271 -0.043093 s-dso -0.004290 -0.001735 +0.000981
s-vi-dso -0.577943 +17.637076 -0.016357 gt -0.086197 +15.591617 -0.042861 s-dso -0.004392 -0.001745 +0.000984
s-vi-dso -0.586781 +17.740157 -0.016560 gt -0.086977 +15.653002 -0.043053 s-dso -0.005251 -0.001756 +0.000990
s-vi-dso -0.560145 +17.793535 -0.016722 gt -0.087285 +15.716865 -0.042536 s-dso -0.005355 -0.001767 +0.000992
s-vi-dso -0.530864 +17.852924 -0.016977 gt -0.087634 +15.777938 -0.042351 s-dso -0.004205 -0.001778 +0.000996
s-vi-dso -0.503033 +17.916808 -0.017265 gt -0.088056 +15.837329 -0.042884 s-dso -0.005104 -0.001789 +0.000999
s-vi-dso -0.485163 +17.969848 -0.017483 gt -0.088641 +15.879921 -0.043316 s-dso -0.004542 -0.001800 +0.001002
s-vi-dso -0.476558 +18.009125 -0.017588 gt -0.089094 +15.923990 -0.043864 s-dso -0.003861 -0.001810 +0.001004
s-vi-dso -0.483981 +18.065314 -0.017651 gt -0.089605 +15.965109 -0.044323 s-dso -0.004157 -0.001821 +0.001007
s-vi-dso -0.488761 +18.119375 -0.017759 gt -0.090007 +16.012751 -0.044357 s-dso -0.004229 -0.001831 +0.001010
s-vi-dso -0.470808 +18.168137 -0.017922 gt -0.090307 +16.079756 -0.045377 s-dso -0.003696 -0.001842 +0.001013
s-vi-dso -0.477387 +18.244838 -0.018002 gt -0.090640 +16.167972 -0.045220 s-dso -0.004704 -0.001852 +0.001017
s-vi-dso -0.455388 +18.281860 -0.018132 gt -0.091045 +16.285550 -0.044039 s-dso -0.004926 -0.001863 +0.001019
s-vi-dso -0.475045 +18.462888 -0.018456 gt -0.091467 +16.409189 -0.043680 s-dso -0.004929 -0.001874 +0.001029
s-vi-dso -0.434671 +18.540685 -0.018734 gt -0.092105 +16.531260 -0.043761 s-dso -0.004634 -0.001885 +0.001034
s-vi-dso -0.388402 +18.647575 -0.018959 gt -0.092566 +16.631914 -0.045010 s-dso -0.003716 -0.001896 +0.001040
s-vi-dso -0.403116 +18.777931 -0.019189 gt -0.092962 +16.737579 -0.046832 s-dso -0.004242 -0.001907 +0.001047
s-vi-dso -0.414495 +18.929664 -0.019452 gt -0.093256 +16.862181 -0.046464 s-dso -0.004398 -0.001918 +0.001055
s-vi-dso -0.375478 +19.002701 -0.019633 gt -0.093857 +16.979981 -0.047510 s-dso -0.003780 -0.001929 +0.001059
s-vi-dso -0.350194 +19.139949 -0.020041 gt -0.094306 +17.097080 -0.046876 s-dso -0.003875 -0.001940 +0.001067
s-vi-dso -0.315968 +19.225565 -0.020185 gt -0.094806 +17.206255 -0.046619 s-dso -0.003820 -0.001951 +0.001072
s-vi-dso -0.321620 +19.368701 -0.020498 gt -0.095506 +17.310193 -0.047670 s-dso -0.003209 -0.001962 +0.001080
s-vi-dso -0.334678 +19.491680 -0.020718 gt -0.096378 +17.391238 -0.048043 s-dso -0.004557 -0.001973 +0.001087
s-vi-dso -0.348843 +19.600039 -0.020925 gt -0.096877 +17.471101 -0.048438 s-dso -0.004538 -0.001984 +0.001093
s-vi-dso -0.361008 +19.705725 -0.021093 gt -0.097113 +17.562369 -0.050585 s-dso -0.003711 -0.001994 +0.001099
s-vi-dso -0.353019 +19.806590 -0.021221 gt -0.098177 +17.788061 -0.059979 s-dso -0.003404 -0.002005 +0.001104
s-vi-dso -0.347071 +19.854680 -0.020850 gt -0.098586 +18.187573 -0.051398 s-dso -0.003404 -0.002013 +0.001107
s-vi-dso -0.323584 +19.902909 -0.021394 gt -0.099235 +18.519727 -0.044948 s-dso -0.003649 -0.002026 +0.001110
s-vi-dso -0.263898 +19.994020 -0.021986 gt -0.100588 +18.742895 -0.047826 s-dso -0.004163 -0.002038 +0.001115
s-vi-dso -0.311972 +20.324002 -0.022625 gt -0.101080 +18.979709 -0.049567 s-dso -0.004279 -0.002051 +0.001133
s-vi-dso -0.344384 +20.613529 -0.023115 gt -0.102038 +19.143406 -0.048836 s-dso -0.004362 -0.002062 +0.001150
s-vi-dso -0.370590 +20.870313 -0.023523 gt -0.102086 +19.262386 -0.049419 s-dso -0.004148 -0.002074 +0.001164
s-vi-dso -0.374770 +21.009277 -0.023809 gt -0.103625 +19.331379 -0.051742 s-dso -0.004275 -0.002085 +0.001172
s-vi-dso -0.341099 +21.077563 -0.024005 gt -0.106012 +19.406000 -0.057140 s-dso -0.004179 -0.002096 +0.001176
s-vi-dso -0.331508 +21.157060 -0.021330 gt -0.110302 +19.619001 -0.057900 s-dso -0.004750 -0.002095 +0.001180
s-vi-dso -0.404103 +21.447269 -0.021901 gt -0.109652 +19.824111 -0.051496 s-dso -0.004794 -0.002108 +0.001197
s-vi-dso -0.400337 +21.774345 -0.022564 gt -0.110101 +19.959123 -0.052316 s-dso -0.003703 -0.002120 +0.001215
s-vi-dso -0.424134 +21.975900 -0.022953 gt -0.110550 +20.093352 -0.055002 s-dso -0.004608 -0.002132 +0.001227
s-vi-dso -0.439731 +22.132569 -0.023153 gt -0.111063 +20.301189 -0.061825 s-dso -0.004495 -0.002143 +0.001235
s-vi-dso -0.441211 +22.338551 -0.021417 gt -0.112088 +20.710059 -0.066201 s-dso -0.005111 -0.002146 +0.001247
s-vi-dso -0.451625 +22.572788 -0.021245 gt -0.123144 +21.172798 -0.035509 s-dso -0.004577 -0.002155 +0.001260
s-vi-dso -0.505789 +22.776651 -0.025123 gt -0.125448 +21.566378 -0.058007 s-dso -0.004832 -0.002180 +0.001272
s-vi-dso -0.529245 +23.068476 -0.025929 gt -0.125543 +21.817562 -0.056865 s-dso -0.005093 -0.002194 +0.001288
s-vi-dso -0.579270 +23.449187 -0.026690 gt -0.126218 +22.063834 -0.058946 s-dso -0.005003 -0.002207 +0.001310
s-vi-dso -0.625733 +23.739622 -0.027340 gt -0.127982 +22.261361 -0.058167 s-dso -0.005142 -0.002219 +0.001326
s-vi-dso -0.682304 +23.720873 -0.028775 gt -0.131897 +22.413819 -0.057700 s-dso -0.005392 -0.002235 +0.001325
s-vi-dso -0.717883 +23.912922 -0.029141 gt -0.134813 +22.525393 -0.060826 s-dso -0.005259 -0.002247 +0.001336
s-vi-dso -0.737033 +24.066162 -0.029512 gt -0.139141 +22.623454 -0.059888 s-dso -0.005731 -0.002258 +0.001345
s-vi-dso -0.767887 +24.198128 -0.029868 gt -0.143104 +22.705650 -0.061510 s-dso -0.005236 -0.002269 +0.001352
s-vi-dso -0.775259 +24.294527 -0.030029 gt -0.144329 +22.778584 -0.060134 s-dso -0.005947 -0.002280 +0.001357
s-vi-dso -0.799835 +24.410749 -0.030240 gt -0.144861 +22.836343 -0.060782 s-dso -0.006626 -0.002291 +0.001364
s-vi-dso -0.821731 +24.448414 -0.030390 gt -0.146090 +22.896820 -0.061950 s-dso -0.005495 -0.002302 +0.001366
s-vi-dso -0.827040 +24.537139 -0.030515 gt -0.148937 +22.956880 -0.061278 s-dso -0.006241 -0.002312 +0.001371
s-vi-dso -0.840205 +24.618249 -0.030634 gt -0.151383 +22.997367 -0.061373 s-dso -0.006032 -0.002323 +0.001375
s-vi-dso -0.848815 +24.684294 -0.030722 gt -0.153798 +23.036684 -0.061948 s-dso -0.006877 -0.002333 +0.001379
s-vi-dso -0.854344 +24.732299 -0.030776 gt -0.157201 +23.098877 -0.063959 s-dso -0.006737 -0.002343 +0.001382
s-vi-dso -0.864753 +24.796024 -0.030977 gt -0.165340 +23.249807 -0.064782 s-dso -0.006975 -0.002354 +0.001385
s-vi-dso -0.903984 +25.009811 -0.031528 gt -0.178420 +23.480851 -0.064612 s-dso -0.007227 -0.002366 +0.001397
s-vi-dso -0.958429 +25.289966 -0.032172 gt -0.191877 +23.678806 -0.060858 s-dso -0.006912 -0.002379 +0.001413
s-vi-dso -1.027186 +25.605236 -0.032878 gt -0.203632 +23.838327 -0.060563 s-dso -0.006697 -0.002392 +0.001431
s-vi-dso -1.076353 +25.794036 -0.033324 gt -0.213933 +23.948521 -0.060704 s-dso -0.006904 -0.002403 +0.001442
s-vi-dso -1.052571 +25.675979 -0.034267 gt -0.222141 +24.016929 -0.061897 s-dso -0.007647 -0.002417 +0.001435
s-vi-dso -1.028603 +25.505308 -0.035155 gt -0.226275 +24.063258 -0.062273 s-dso -0.007419 -0.002431 +0.001425
s-vi-dso -1.039791 +25.569973 -0.035268 gt -0.230276 +24.102404 -0.063040 s-dso -0.006888 -0.002441 +0.001428
s-vi-dso -1.015023 +25.570081 -0.035344 gt -0.236330 +24.148798 -0.067536 s-dso -0.006913 -0.002451 +0.001428
s-vi-dso -1.035131 +25.617928 -0.035440 gt -0.260532 +24.329683 -0.069592 s-dso -0.006789 -0.002462 +0.001431
s-vi-dso -1.082220 +25.819420 -0.035891 gt -0.285071 +24.517413 -0.064954 s-dso -0.007573 -0.002474 +0.001442
s-vi-dso -1.152824 +26.090447 -0.036586 gt -0.306291 +24.673648 -0.063840 s-dso -0.008323 -0.002486 +0.001457
s-vi-dso -1.164324 +26.023660 -0.038004 gt -0.324231 +24.797639 -0.064161 s-dso -0.007522 -0.002502 +0.001453
s-vi-dso -1.207957 +25.978105 -0.038998 gt -0.337801 +24.878746 -0.064493 s-dso -0.007363 -0.002516 +0.001451
s-vi-dso -1.239758 +26.084239 -0.039249 gt -0.345535 +24.926912 -0.065338 s-dso -0.008558 -0.002527 +0.001457
s-vi-dso -1.255614 +26.153769 -0.039369 gt -0.356082 +24.993126 -0.067773 s-dso -0.008617 -0.002537 +0.001461
s-vi-dso -1.272146 +26.222576 -0.039470 gt -0.374671 +25.111621 -0.069716 s-dso -0.008393 -0.002548 +0.001464
s-vi-dso -1.312715 +26.383440 -0.039818 gt -0.395472 +25.226942 -0.065918 s-dso -0.008337 -0.002559 +0.001473
s-vi-dso -1.297321 +26.274676 -0.040977 gt -0.414263 +25.324468 -0.065612 s-dso -0.007985 -0.002574 +0.001467
s-vi-dso -1.339830 +26.390327 -0.041282 gt -0.427022 +25.391976 -0.067011 s-dso -0.008536 -0.002585 +0.001473
s-vi-dso -1.366531 +26.470359 -0.041440 gt -0.439144 +25.457558 -0.068603 s-dso -0.008439 -0.002596 +0.001478
s-vi-dso -1.389057 +26.559140 -0.041601 gt -0.470908 +25.627468 -0.075840 s-dso -0.008639 -0.002606 +0.001483
s-vi-dso -1.434630 +26.731785 -0.041901 gt -0.508587 +25.826844 -0.070315 s-dso -0.008917 -0.002618 +0.001493
s-vi-dso -1.522049 +27.049273 -0.042669 gt -0.544404 +26.000040 -0.066982 s-dso -0.009862 -0.002631 +0.001511
s-vi-dso -1.470606 +26.985582 -0.043972 gt -0.566839 +26.108959 -0.067523 s-dso -0.009681 -0.002646 +0.001507
s-vi-dso -1.512870 +27.135951 -0.044232 gt -0.581710 +26.180321 -0.069116 s-dso -0.009831 -0.002657 +0.001515
s-vi-dso -1.538290 +27.228244 -0.044371 gt -0.607534 +26.302041 -0.073808 s-dso -0.009986 -0.002667 +0.001520
s-vi-dso -1.583273 +27.378465 -0.044759 gt -0.636155 +26.438633 -0.071037 s-dso -0.010219 -0.002679 +0.001529
s-vi-dso -1.633043 +27.552132 -0.045170 gt -0.662107 +26.559775 -0.071370 s-dso -0.009399 -0.002691 +0.001539
s-vi-dso -1.678618 +27.713060 -0.045555 gt -0.684795 +26.652900 -0.070467 s-dso -0.010420 -0.002702 +0.001548
s-vi-dso -1.602494 +27.586804 -0.046593 gt -0.703371 +26.728263 -0.070690 s-dso -0.009311 -0.002716 +0.001540
s-vi-dso -1.641091 +27.673349 -0.046791 gt -0.713675 +26.771079 -0.070692 s-dso -0.010062 -0.002727 +0.001545
s-vi-dso -1.656279 +27.736662 -0.046816 gt -0.727002 +26.827380 -0.072540 s-dso -0.009618 -0.002737 +0.001549
s-vi-dso -1.673904 +27.802197 -0.046882 gt -0.756891 +26.947053 -0.076124 s-dso -0.010456 -0.002748 +0.001552
s-vi-dso -1.703961 +27.861692 -0.047342 gt -0.787297 +27.062826 -0.071701 s-dso -0.010686 -0.002759 +0.001555
s-vi-dso -1.667047 +27.839298 -0.048128 gt -0.814009 +27.158240 -0.071356 s-dso -0.009334 -0.002773 +0.001554
s-vi-dso -1.732058 +27.964133 -0.048445 gt -0.829785 +27.214541 -0.071616 s-dso -0.010461 -0.002784 +0.001561
s-vi-dso -1.761342 +28.048003 -0.048546 gt -0.853207 +27.297384 -0.075894 s-dso -0.009845 -0.002794 +0.001566
s-vi-dso -1.791214 +28.141017 -0.048689 gt -0.883020 +27.403300 -0.074019 s-dso -0.010303 -0.002805 +0.001571
s-vi-dso -1.836562 +28.271535 -0.048960 gt -0.904637 +27.476188 -0.073257 s-dso -0.010766 -0.002816 +0.001578
s-vi-dso -1.877492 +28.368604 -0.049211 gt -0.919239 +27.526299 -0.073042 s-dso -0.011411 -0.002827 +0.001583
s-vi-dso -1.830544 +28.322880 -0.049531 gt -0.930622 +27.563563 -0.072857 s-dso -0.010719 -0.002838 +0.001581
s-vi-dso -1.849409 +28.366417 -0.049614 gt -0.944081 +27.613473 -0.078637 s-dso -0.010790 -0.002848 +0.001583
s-vi-dso -1.862090 +28.398898 -0.049641 gt -0.997966 +27.786511 -0.080255 s-dso -0.010466 -0.002859 +0.001585
s-vi-dso -1.935980 +28.600544 -0.050165 gt -1.052405 +27.957072 -0.074433 s-dso -0.011342 -0.002871 +0.001596
s-vi-dso -1.898857 +28.697131 -0.051146 gt -1.098854 +28.093391 -0.073697 s-dso -0.011575 -0.002885 +0.001602
s-vi-dso -1.981474 +28.857011 -0.051583 gt -1.125046 +28.173497 -0.073983 s-dso -0.010773 -0.002896 +0.001611
s-vi-dso -2.025584 +28.980768 -0.051785 gt -1.166274 +28.295514 -0.079588 s-dso -0.011959 -0.002907 +0.001617
s-vi-dso -2.031485 +28.893757 -0.051781 gt -1.204256 +28.402437 -0.075641 s-dso -0.012136 -0.002917 +0.001612
s-vi-dso -1.975257 +28.895721 -0.052148 gt -1.234705 +28.484623 -0.075924 s-dso -0.011164 -0.002929 +0.001612
s-vi-dso -1.818331 +28.764029 -0.052667 gt -1.256707 +28.543463 -0.076156 s-dso -0.010503 -0.002941 +0.001605
s-vi-dso -1.852189 +28.841762 -0.052704 gt -1.272916 +28.585591 -0.076337 s-dso -0.010577 -0.002951 +0.001609
s-vi-dso -1.876130 +28.883359 -0.052816 gt -1.282997 +28.610144 -0.076547 s-dso -0.010755 -0.002961 +0.001611
s-vi-dso -1.897247 +28.906060 -0.052971 gt -1.289092 +28.627980 -0.076983 s-dso -0.010892 -0.002972 +0.001612
s-vi-dso -1.909693 +28.927066 -0.052957 gt -1.296920 +28.648003 -0.077091 s-dso -0.010723 -0.002982 +0.001613
s-vi-dso -1.925898 +28.942135 -0.053070 gt -1.303429 +28.664312 -0.077111 s-dso -0.011626 -0.002992 +0.001614
s-vi-dso -1.938465 +28.959451 -0.053180 gt -1.310071 +28.679410 -0.077523 s-dso -0.010958 -0.003003 +0.001615
s-vi-dso -1.949366 +28.977808 -0.053180 gt -1.314528 +28.689980 -0.077608 s-dso -0.011569 -0.003013 +0.001616
s-vi-dso -1.954432 +28.988046 -0.053131 gt -1.327122 +28.719608 -0.081941 s-dso -0.011742 -0.003023 +0.001616
s-vi-dso -1.962112 +29.013040 -0.053073 gt -1.374354 +28.829832 -0.081104 s-dso -0.010754 -0.003032 +0.001618
s-vi-dso -2.032129 +29.158404 -0.053441 gt -1.422606 +28.942103 -0.077206 s-dso -0.011001 -0.003044 +0.001626
s-vi-dso -2.109482 +29.318172 -0.053949 gt -1.454643 +29.017831 -0.077349 s-dso -0.011335 -0.003056 +0.001635
s-vi-dso -2.106628 +29.151057 -0.054430 gt -1.476738 +29.069916 -0.077346 s-dso -0.012334 -0.003068 +0.001625
s-vi-dso -2.141618 +29.212786 -0.054620 gt -1.494578 +29.112467 -0.081587 s-dso -0.011926 -0.003078 +0.001628
s-vi-dso -2.159270 +29.254241 -0.054625 gt -1.550670 +29.242815 -0.082744 s-dso -0.012779 -0.003088 +0.001631
s-vi-dso -2.238339 +29.419018 -0.055172 gt -1.608714 +29.373758 -0.078983 s-dso -0.012076 -0.003101 +0.001640
s-vi-dso -2.172943 +29.329018 -0.055823 gt -1.646807 +29.458192 -0.079001 s-dso -0.012910 -0.003113 +0.001635
s-vi-dso -2.228315 +29.443622 -0.056187 gt -1.671241 +29.512172 -0.079330 s-dso -0.011913 -0.003125 +0.001641
s-vi-dso -2.263959 +29.514272 -0.056352 gt -1.710729 +29.599698 -0.085325 s-dso -0.013152 -0.003135 +0.001645
s-vi-dso -2.303664 +29.598746 -0.056478 gt -1.762110 +29.712585 -0.081315 s-dso -0.013306 -0.003146 +0.001650
s-vi-dso -2.205339 +29.512798 -0.057092 gt -1.802823 +29.798885 -0.080700 s-dso -0.011966 -0.003158 +0.001645
s-vi-dso -2.279799 +29.625465 -0.057435 gt -1.830844 +29.857523 -0.080690 s-dso -0.013102 -0.003170 +0.001651
s-vi-dso -2.322515 +29.706573 -0.057635 gt -1.848016 +29.894976 -0.081057 s-dso -0.012740 -0.003181 +0.001655
s-vi-dso -2.270079 +29.533985 -0.057981 gt -1.864066 +29.925325 -0.081728 s-dso -0.013012 -0.003192 +0.001645
s-vi-dso -2.273131 +29.451683 -0.058395 gt -1.878355 +29.953423 -0.081908 s-dso -0.013463 -0.003204 +0.001641
s-vi-dso -2.275789 +29.365761 -0.058902 gt -1.888857 +29.973333 -0.081994 s-dso -0.012840 -0.003216 +0.001635
s-vi-dso -2.293155 +29.385837 -0.058928 gt -1.894923 +29.984213 -0.082344 s-dso -0.012320 -0.003226 +0.001636
s-vi-dso -2.308267 +29.391242 -0.058953 gt -1.900412 +29.994512 -0.083123 s-dso -0.013104 -0.003236 +0.001637
s-vi-dso -2.306111 +29.394851 -0.059192 gt -1.931406 +30.052958 -0.084409 s-dso -0.012720 -0.003247 +0.001637
s-vi-dso -2.340193 +29.460047 -0.059335 gt -1.963029 +30.111215 -0.082022 s-dso -0.012409 -0.003257 +0.001640
s-vi-dso -2.391394 +29.543755 -0.059623 gt -1.984731 +30.151464 -0.082136 s-dso -0.013324 -0.003268 +0.001645
s-vi-dso -2.427000 +29.592927 -0.059778 gt -1.997967 +30.175901 -0.082147 s-dso -0.013734 -0.003279 +0.001648
s-vi-dso -2.441250 +29.624905 -0.059819 gt -2.013581 +30.205558 -0.085823 s-dso -0.013272 -0.003289 +0.001649
s-vi-dso -2.457249 +29.653068 -0.059751 gt -2.046777 +30.267252 -0.084000 s-dso -0.014118 -0.003299 +0.001651
s-vi-dso -2.505408 +29.736216 -0.059962 gt -2.080681 +30.327903 -0.085023 s-dso -0.013192 -0.003310 +0.001655
s-vi-dso -2.551423 +29.810572 -0.060168 gt -2.123051 +30.403031 -0.083556 s-dso -0.013371 -0.003321 +0.001659
s-vi-dso -2.607673 +29.914831 -0.060500 gt -2.158754 +30.465370 -0.085743 s-dso -0.014478 -0.003332 +0.001665
s-vi-dso -2.649147 +29.976338 -0.060653 gt -2.209457 +30.553499 -0.083752 s-dso -0.014968 -0.003343 +0.001669
s-vi-dso -2.724688 +30.112573 -0.061029 gt -2.252729 +30.628318 -0.084961 s-dso -0.014380 -0.003354 +0.001676
s-vi-dso -2.785391 +30.198587 -0.061342 gt -2.302082 +30.712325 -0.083585 s-dso -0.015647 -0.003365 +0.001681
s-vi-dso -2.845169 +30.303978 -0.061599 gt -2.349962 +30.795429 -0.086258 s-dso -0.015868 -0.003376 +0.001687
s-vi-dso -2.814073 +30.225393 -0.062132 gt -2.400154 +30.880627 -0.084911 s-dso -0.014825 -0.003389 +0.001682
s-vi-dso -2.885600 +30.344099 -0.062468 gt -2.440313 +30.947179 -0.084727 s-dso -0.014707 -0.003400 +0.001689
s-vi-dso -2.944756 +30.433081 -0.062760 gt -2.464175 +30.985594 -0.084917 s-dso -0.015925 -0.003411 +0.001694
s-vi-dso -2.946828 +30.365084 -0.063338 gt -2.481447 +31.013955 -0.085183 s-dso -0.015200 -0.003423 +0.001690
s-vi-dso -2.968881 +30.399035 -0.063426 gt -2.499578 +31.044485 -0.086346 s-dso -0.015656 -0.003434 +0.001692
s-vi-dso -2.987980 +30.425802 -0.063553 gt -2.513509 +31.068258 -0.085838 s-dso -0.015685 -0.003444 +0.001693
s-vi-dso -3.010937 +30.460181 -0.063536 gt -2.529083 +31.093589 -0.086893 s-dso -0.015387 -0.003454 +0.001695
s-vi-dso -3.028531 +30.484900 -0.063636 gt -2.542345 +31.115709 -0.086547 s-dso -0.015338 -0.003465 +0.001696
s-vi-dso -3.047249 +30.516886 -0.063641 gt -2.566307 +31.153366 -0.089027 s-dso -0.015723 -0.003475 +0.001698
s-vi-dso -3.078434 +30.552862 -0.063802 gt -2.605906 +31.216342 -0.087046 s-dso -0.016187 -0.003485 +0.001700
s-vi-dso -3.131225 +30.627886 -0.064092 gt -2.689254 +31.344584 -0.091812 s-dso -0.016008 -0.003496 +0.001704
s-vi-dso -3.085259 +30.595950 -0.064579 gt -2.775235 +31.475076 -0.087043 s-dso -0.016948 -0.003508 +0.001702
s-vi-dso -3.057190 +30.631042 -0.065585 gt -2.872098 +31.615886 -0.089226 s-dso -0.015946 -0.003522 +0.001704
s-vi-dso -3.037108 +30.648689 -0.066097 gt -2.957701 +31.739664 -0.086806 s-dso -0.015947 -0.003534 +0.001705
s-vi-dso -3.170628 +30.845940 -0.066735 gt -3.024056 +31.834027 -0.086999 s-dso -0.016605 -0.003547 +0.001716
s-vi-dso -3.249139 +30.963299 -0.067011 gt -3.065311 +31.892144 -0.086732 s-dso -0.017501 -0.003558 +0.001722
s-vi-dso -3.310049 +31.045005 -0.067288 gt -3.117885 +31.964947 -0.092152 s-dso -0.017226 -0.003569 +0.001727
s-vi-dso -3.362330 +31.114521 -0.067438 gt -3.180671 +32.052939 -0.089092 s-dso -0.016859 -0.003580 +0.001731
s-vi-dso -3.452709 +31.244233 -0.067814 gt -3.232366 +32.123860 -0.091984 s-dso -0.017417 -0.003591 +0.001738
s-vi-dso -3.430186 +31.136188 -0.068335 gt -3.302326 +32.217737 -0.090109 s-dso -0.017765 -0.003603 +0.001732
s-vi-dso -3.408245 +31.091353 -0.068912 gt -3.352407 +32.282960 -0.089854 s-dso -0.017802 -0.003616 +0.001729
s-vi-dso -3.477246 +31.178329 -0.069204 gt -3.383725 +32.324118 -0.089563 s-dso -0.017845 -0.003627 +0.001734
s-vi-dso -3.526458 +31.242432 -0.069354 gt -3.414949 +32.365311 -0.091142 s-dso -0.017966 -0.003637 +0.001737
s-vi-dso -3.567725 +31.293111 -0.069589 gt -3.458400 +32.422650 -0.094637 s-dso -0.019027 -0.003648 +0.001740
s-vi-dso -3.610626 +31.346287 -0.069708 gt -3.518802 +32.499825 -0.093215 s-dso -0.017837 -0.003659 +0.001743
s-vi-dso -3.690236 +31.452563 -0.070056 gt -3.584111 +32.581970 -0.096614 s-dso -0.019480 -0.003670 +0.001749
s-vi-dso -3.641491 +31.361839 -0.070481 gt -3.700746 +32.725717 -0.095808 s-dso -0.018195 -0.003682 +0.001744
s-vi-dso -3.803075 +31.538789 -0.071060 gt -3.814299 +32.861561 -0.091376 s-dso -0.019908 -0.003694 +0.001754
s-vi-dso -3.670782 +31.505361 -0.072259 gt -3.886612 +32.947462 -0.091221 s-dso -0.018389 -0.003709 +0.001751
s-vi-dso -3.641781 +31.470470 -0.072837 gt -3.943420 +33.013069 -0.091974 s-dso -0.018183 -0.003721 +0.001749
s-vi-dso -3.719758 +31.563480 -0.073101 gt -3.977629 +33.051762 -0.092229 s-dso -0.019533 -0.003732 +0.001754
s-vi-dso -3.708309 +31.508415 -0.073480 gt -4.002486 +33.080670 -0.094790 s-dso -0.018312 -0.003744 +0.001751
s-vi-dso -3.737407 +31.531277 -0.073577 gt -4.037125 +33.119912 -0.093473 s-dso -0.018610 -0.003754 +0.001752
s-vi-dso -3.789291 +31.590406 -0.073790 gt -4.085444 +33.174301 -0.096080 s-dso -0.018727 -0.003765 +0.001756
s-vi-dso -3.849760 +31.654629 -0.073986 gt -4.148044 +33.243408 -0.095149 s-dso -0.019150 -0.003776 +0.001759
s-vi-dso -3.923196 +31.744929 -0.074302 gt -4.213426 +33.312424 -0.098841 s-dso -0.019311 -0.003787 +0.001764
s-vi-dso -3.849188 +31.874525 -0.074095 gt -4.293878 +33.398360 -0.095169 s-dso -0.020282 -0.003796 +0.001771
s-vi-dso -3.813189 +31.752994 -0.075025 gt -4.348846 +33.455469 -0.094611 s-dso -0.019920 -0.003810 +0.001764
s-vi-dso -3.900552 +31.843273 -0.075312 gt -4.386016 +33.492094 -0.093663 s-dso -0.019265 -0.003821 +0.001769
s-vi-dso -3.862389 +31.781034 -0.075669 gt -4.424221 +33.531259 -0.095930 s-dso -0.019251 -0.003833 +0.001766
s-vi-dso -3.911858 +31.823134 -0.075791 gt -4.451766 +33.560142 -0.094703 s-dso -0.019559 -0.003843 +0.001768
s-vi-dso -3.952660 +31.865086 -0.075875 gt -4.505541 +33.613164 -0.098522 s-dso -0.019746 -0.003854 +0.001770
s-vi-dso -3.960911 +31.872829 -0.075630 gt -4.562405 +33.668286 -0.098543 s-dso -0.020347 -0.003863 +0.001770
s-vi-dso -4.040559 +31.962420 -0.075944 gt -4.705204 +33.805253 -0.100468 s-dso -0.019889 -0.003874 +0.001775
s-vi-dso -3.973070 +32.058186 -0.076019 gt -4.844834 +33.935819 -0.099024 s-dso -0.020387 -0.003884 +0.001781
s-vi-dso -3.938437 +32.039880 -0.077373 gt -4.983435 +34.064749 -0.097558 s-dso -0.020258 -0.003899 +0.001780
s-vi-dso -4.124881 +32.223953 -0.078025 gt -5.114237 +34.186489 -0.098452 s-dso -0.021471 -0.003912 +0.001790
s-vi-dso -4.143670 +32.309468 -0.078303 gt -5.222279 +34.286414 -0.100556 s-dso -0.021099 -0.003923 +0.001795
s-vi-dso -4.292355 +32.469061 -0.078833 gt -5.373213 +34.422669 -0.100199 s-dso -0.021118 -0.003935 +0.001804
s-vi-dso -4.272609 +32.538507 -0.079234 gt -5.478977 +34.515592 -0.097449 s-dso -0.020949 -0.003947 +0.001807
s-vi-dso -4.029468 +32.825779 -0.081231 gt -5.563703 +34.585346 -0.097384 s-dso -0.020715 -0.003965 +0.001824
s-vi-dso -4.137885 +32.905356 -0.081566 gt -5.627108 +34.639769 -0.101938 s-dso -0.020673 -0.003976 +0.001828
s-vi-dso -4.128449 +32.852653 -0.081584 gt -5.701634 +34.701528 -0.101508 s-dso -0.020317 -0.003986 +0.001825
s-vi-dso -4.222736 +32.942687 -0.081924 gt -5.825006 +34.800318 -0.105913 s-dso -0.020590 -0.003998 +0.001830
s-vi-dso -4.080554 +32.856966 -0.081516 gt -5.979136 +34.921196 -0.101626 s-dso -0.020431 -0.004006 +0.001825
s-vi-dso -3.845843 +32.817274 -0.084147 gt -6.086784 +35.003711 -0.101246 s-dso -0.019231 -0.004027 +0.001823
s-vi-dso -3.998917 +32.936289 -0.084614 gt -6.160647 +35.060646 -0.100798 s-dso -0.020367 -0.004038 +0.001829
s-vi-dso -3.947048 +32.860424 -0.084835 gt -6.229657 +35.111802 -0.104335 s-dso -0.020155 -0.004049 +0.001825
s-vi-dso -4.012507 +32.916314 -0.084987 gt -6.303119 +35.167352 -0.103204 s-dso -0.020527 -0.004060 +0.001828
s-vi-dso -4.106642 +32.998782 -0.085295 gt -6.372114 +35.219081 -0.104307 s-dso -0.020428 -0.004071 +0.001832
s-vi-dso -4.201932 +33.080723 -0.085607 gt -6.436722 +35.266426 -0.103671 s-dso -0.021391 -0.004082 +0.001837
s-vi-dso -4.280360 +33.141781 -0.085839 gt -6.477396 +35.295447 -0.103775 s-dso -0.022157 -0.004093 +0.001840
s-vi-dso -4.333816 +33.186937 -0.085988 gt -6.502904 +35.314141 -0.104057 s-dso -0.021395 -0.004104 +0.001843
s-vi-dso -4.364582 +33.213055 -0.086051 gt -6.535741 +35.338007 -0.106787 s-dso -0.021600 -0.004114 +0.001844
s-vi-dso -4.401372 +33.249797 -0.086245 gt -6.586833 +35.376285 -0.105755 s-dso -0.022771 -0.004125 +0.001846
s-vi-dso -4.462982 +33.301181 -0.086429 gt -6.662250 +35.430768 -0.106747 s-dso -0.022213 -0.004136 +0.001849
s-vi-dso -4.551744 +33.371864 -0.086680 gt -6.741230 +35.487145 -0.104238 s-dso -0.023250 -0.004147 +0.001853
s-vi-dso -4.444936 +33.314484 -0.088304 gt -6.790605 +35.521981 -0.104298 s-dso -0.022261 -0.004163 +0.001849
s-vi-dso -4.403675 +33.247678 -0.089030 gt -6.826728 +35.546927 -0.104566 s-dso -0.021749 -0.004176 +0.001845
s-vi-dso -4.455752 +33.286633 -0.089136 gt -6.851473 +35.564167 -0.106398 s-dso -0.023039 -0.004187 +0.001847
s-vi-dso -4.476673 +33.300861 -0.089166 gt -6.899024 +35.597438 -0.106708 s-dso -0.022690 -0.004197 +0.001848
s-vi-dso -4.534970 +33.338188 -0.089337 gt -6.973240 +35.648231 -0.109902 s-dso -0.021990 -0.004207 +0.001850
s-vi-dso -4.617601 +33.393677 -0.089589 gt -7.072518 +35.715513 -0.106874 s-dso -0.023430 -0.004218 +0.001853
s-vi-dso -4.758440 +33.500381 -0.090058 gt -7.191702 +35.795304 -0.109822 s-dso -0.024118 -0.004230 +0.001859
s-vi-dso -4.740914 +33.521477 -0.090062 gt -7.304807 +35.870880 -0.106656 s-dso -0.023001 -0.004240 +0.001860
s-vi-dso -4.740456 +33.545900 -0.090953 gt -7.445542 +35.962246 -0.108927 s-dso -0.024180 -0.004254 +0.001861
s-vi-dso -4.917353 +33.666270 -0.091458 gt -7.563028 +36.039591 -0.109919 s-dso -0.023584 -0.004266 +0.001868
s-vi-dso -4.894567 +33.685989 -0.092192 gt -7.689519 +36.122198 -0.109655 s-dso -0.024345 -0.004279 +0.001869
s-vi-dso -4.673233 +33.633158 -0.093134 gt -7.881336 +36.241291 -0.112271 s-dso -0.023442 -0.004293 +0.001866
s-vi-dso -4.575999 +33.486148 -0.092725 gt -8.046738 +36.341354 -0.108351 s-dso -0.022577 -0.004301 +0.001857
s-vi-dso -4.336634 +33.351804 -0.094036 gt -8.165871 +36.411031 -0.107571 s-dso -0.021687 -0.004316 +0.001850
s-vi-dso -4.206788 +33.331922 -0.094838 gt -8.259081 +36.466194 -0.108488 s-dso -0.021134 -0.004329 +0.001848
s-vi-dso -4.334648 +33.410059 -0.095183 gt -8.309558 +36.494869 -0.108849 s-dso -0.022113 -0.004341 +0.001853
s-vi-dso -4.408445 +33.458898 -0.095369 gt -8.358036 +36.522484 -0.112260 s-dso -0.022147 -0.004351 +0.001855
s-vi-dso -4.449603 +33.484656 -0.095565 gt -8.414651 +36.555048 -0.112565 s-dso -0.022907 -0.004362 +0.001857
s-vi-dso -4.523269 +33.535002 -0.095706 gt -8.473353 +36.587981 -0.112623 s-dso -0.023340 -0.004373 +0.001859
s-vi-dso -4.606961 +33.590470 -0.095919 gt -8.575100 +36.644258 -0.114200 s-dso -0.022442 -0.004384 +0.001862
s-vi-dso -4.719516 +33.659035 -0.096226 gt -8.673759 +36.698783 -0.114704 s-dso -0.024002 -0.004395 +0.001866
s-vi-dso -4.848994 +33.737348 -0.096620 gt -8.797684 +36.766572 -0.112523 s-dso -0.024645 -0.004406 +0.001870
s-vi-dso -5.019343 +33.847829 -0.097129 gt -8.887133 +36.814724 -0.111609 s-dso -0.024879 -0.004419 +0.001877
s-vi-dso -5.140978 +33.925147 -0.097469 gt -8.949814 +36.848770 -0.113943 s-dso -0.026004 -0.004430 +0.001881
s-vi-dso -5.216246 +33.975076 -0.097624 gt -9.030454 +36.891924 -0.118386 s-dso -0.026315 -0.004440 +0.001884
s-vi-dso -5.314718 +34.037097 -0.097859 gt -9.162892 +36.963310 -0.119426 s-dso -0.025962 -0.004451 +0.001887
s-vi-dso -5.460241 +34.130473 -0.098222 gt -9.359117 +37.068873 -0.118667 s-dso -0.026182 -0.004463 +0.001892
s-vi-dso -5.712780 +34.290943 -0.098944 gt -9.580525 +37.187846 -0.116748 s-dso -0.028017 -0.004476 +0.001901
s-vi-dso -6.005531 +34.476676 -0.099805 gt -9.864068 +37.340169 -0.116242 s-dso -0.029455 -0.004489 +0.001912
s-vi-dso -6.091174 +34.529017 -0.100127 gt -10.077834 +37.455193 -0.112336 s-dso -0.028636 -0.004501 +0.001915
s-vi-dso -6.404009 +34.726950 -0.101144 gt -10.243579 +37.544244 -0.114572 s-dso -0.030626 -0.004515 +0.001926
s-vi-dso -6.616735 +34.862429 -0.101745 gt -10.363630 +37.608959 -0.114891 s-dso -0.031916 -0.004527 +0.001933
s-vi-dso -6.795322 +34.976472 -0.102233 gt -10.466461 +37.664678 -0.117341 s-dso -0.032540 -0.004539 +0.001940
s-vi-dso -6.909612 +35.047625 -0.102551 gt -10.550754 +37.710291 -0.118954 s-dso -0.032636 -0.004550 +0.001944
s-vi-dso -7.013250 +35.113447 -0.102820 gt -10.634427 +37.755539 -0.120229 s-dso -0.033060 -0.004561 +0.001947
s-vi-dso -7.130239 +35.185720 -0.103124 gt -10.736390 +37.810547 -0.120862 s-dso -0.033224 -0.004572 +0.001951
s-vi-dso -7.243900 +35.254593 -0.103484 gt -10.830833 +37.861441 -0.120049 s-dso -0.034417 -0.004584 +0.001955
s-vi-dso -7.371224 +35.334311 -0.103861 gt -10.925021 +37.912263 -0.121736 s-dso -0.035051 -0.004595 +0.001959
s-vi-dso -7.505706 +35.420555 -0.104225 gt -11.054409 +37.981992 -0.120831 s-dso -0.034927 -0.004607 +0.001964
s-vi-dso -7.656649 +35.515402 -0.104659 gt -11.160200 +38.039116 -0.119608 s-dso -0.035327 -0.004619 +0.001969
s-vi-dso -7.814445 +35.612947 -0.105175 gt -11.262714 +38.094373 -0.119924 s-dso -0.036868 -0.004631 +0.001975
s-vi-dso -7.931681 +35.686471 -0.105511 gt -11.351626 +38.142287 -0.121924 s-dso -0.036832 -0.004642 +0.001979
s-vi-dso -8.055813 +35.759899 -0.105960 gt -11.476095 +38.208791 -0.121592 s-dso -0.037782 -0.004654 +0.001983
s-vi-dso -8.200954 +35.851252 -0.106422 gt -11.559695 +38.252522 -0.120019 s-dso -0.038101 -0.004666 +0.001988
s-vi-dso -8.336376 +35.928318 -0.106804 gt -11.634714 +38.291069 -0.121171 s-dso -0.038881 -0.004677 +0.001992
s-vi-dso -8.423270 +35.978710 -0.107086 gt -11.716922 +38.333558 -0.124720 s-dso -0.038953 -0.004688 +0.001995
s-vi-dso -8.517553 +36.031043 -0.107450 gt -11.823682 +38.388261 -0.125343 s-dso -0.038783 -0.004700 +0.001998
s-vi-dso -8.669306 +36.118905 -0.107910 gt -11.994984 +38.476164 -0.124685 s-dso -0.039372 -0.004712 +0.002003
s-vi-dso -8.876993 +36.232784 -0.108532 gt -12.171260 +38.564010 -0.127294 s-dso -0.039812 -0.004724 +0.002009
s-vi-dso -8.812524 +36.286028 -0.109364 gt -12.375272 +38.663252 -0.125292 s-dso -0.040564 -0.004737 +0.002012
s-vi-dso -8.655763 +36.282408 -0.111339 gt -12.585063 +38.761380 -0.122621 s-dso -0.040104 -0.004755 +0.002012
s-vi-dso -8.916670 +36.415469 -0.112105 gt -12.755429 +38.839956 -0.121917 s-dso -0.041115 -0.004768 +0.002019
s-vi-dso -9.001093 +36.449862 -0.112615 gt -12.911590 +38.911230 -0.122715 s-dso -0.041163 -0.004780 +0.002021
s-vi-dso -9.182275 +36.547972 -0.113120 gt -13.063917 +38.981117 -0.125503 s-dso -0.041598 -0.004792 +0.002026
s-vi-dso -9.371070 +36.650368 -0.113654 gt -13.215637 +39.050793 -0.127647 s-dso -0.042934 -0.004805 +0.002032
s-vi-dso -9.411765 +36.662155 -0.113701 gt -13.367172 +39.120685 -0.127126 s-dso -0.042121 -0.004815 +0.002033
s-vi-dso -9.589025 +36.761615 -0.114270 gt -13.481403 +39.173141 -0.128481 s-dso -0.043212 -0.004827 +0.002038
s-vi-dso -9.754118 +36.846842 -0.114742 gt -13.615168 +39.234270 -0.129817 s-dso -0.044096 -0.004839 +0.002043
s-vi-dso -9.905919 +36.928799 -0.115260 gt -13.764807 +39.303893 -0.132018 s-dso -0.045214 -0.004851 +0.002048
s-vi-dso -10.088335 +37.029417 -0.115773 gt -13.939754 +39.385000 -0.132332 s-dso -0.045896 -0.004863 +0.002053
s-vi-dso -10.146912 +37.061485 -0.116163 gt -14.201691 +39.506820 -0.133947 s-dso -0.045869 -0.004875 +0.002055
s-vi-dso -10.179964 +37.076343 -0.116305 gt -14.412066 +39.604523 -0.132810 s-dso -0.045811 -0.004885 +0.002056
s-vi-dso -10.498230 +37.245481 -0.117293 gt -14.627790 +39.704934 -0.131721 s-dso -0.047480 -0.004899 +0.002065
s-vi-dso -10.540115 +37.287896 -0.117912 gt -14.757974 +39.764518 -0.129870 s-dso -0.048015 -0.004912 +0.002067
s-vi-dso -10.724728 +37.383434 -0.118469 gt -14.852330 +39.807169 -0.131359 s-dso -0.048192 -0.004924 +0.002073
s-vi-dso -10.849066 +37.450316 -0.118812 gt -14.940652 +39.846399 -0.132713 s-dso -0.049085 -0.004935 +0.002076
s-vi-dso -10.961159 +37.512441 -0.119202 gt -15.025302 +39.884825 -0.133416 s-dso -0.048843 -0.004947 +0.002080
s-vi-dso -11.068279 +37.565451 -0.119496 gt -15.124119 +39.930288 -0.135848 s-dso -0.049453 -0.004958 +0.002083
s-vi-dso -11.203858 +37.638549 -0.119930 gt -15.265796 +39.995503 -0.136923 s-dso -0.049805 -0.004970 +0.002087
s-vi-dso -11.368724 +37.726627 -0.120378 gt -15.424718 +40.069810 -0.135098 s-dso -0.051218 -0.004982 +0.002092
s-vi-dso -11.579677 +37.837487 -0.121018 gt -15.564984 +40.134193 -0.133227 s-dso -0.052029 -0.004994 +0.002098
s-vi-dso -11.780529 +37.946396 -0.121666 gt -15.671049 +40.182706 -0.134772 s-dso -0.052856 -0.005007 +0.002104
s-vi-dso -11.920159 +38.020516 -0.122088 gt -15.764387 +40.224807 -0.135222 s-dso -0.052225 -0.005018 +0.002108
s-vi-dso -12.046924 +38.089337 -0.122457 gt -15.833477 +40.255968 -0.136052 s-dso -0.053142 -0.005030 +0.002112
s-vi-dso -12.138394 +38.134698 -0.122707 gt -15.915762 +40.293104 -0.139016 s-dso -0.053946 -0.005041 +0.002114
s-vi-dso -12.235939 +38.185311 -0.122971 gt -16.100397 +40.379233 -0.144442 s-dso -0.054818 -0.005052 +0.002117
s-vi-dso -12.258458 +38.204689 -0.122006 gt -16.379589 +40.509873 -0.136783 s-dso -0.054332 -0.005058 +0.002118
s-vi-dso -12.644322 +38.404365 -0.123332 gt -16.597923 +40.612018 -0.133228 s-dso -0.056443 -0.005073 +0.002129
s-vi-dso -12.958161 +38.570081 -0.124391 gt -16.766062 +40.690450 -0.134093 s-dso -0.057466 -0.005088 +0.002138
s-vi-dso -13.010492 +38.597405 -0.124764 gt -16.873336 +40.739260 -0.135048 s-dso -0.057385 -0.005099 +0.002140
s-vi-dso -13.157396 +38.673663 -0.125233 gt -16.938447 +40.767992 -0.136111 s-dso -0.058125 -0.005111 +0.002144
s-vi-dso -13.242845 +38.717028 -0.125535 gt -16.994081 +40.792002 -0.138851 s-dso -0.058377 -0.005122 +0.002146
s-vi-dso -13.317048 +38.759120 -0.125758 gt -17.061021 +40.822038 -0.140424 s-dso -0.059084 -0.005133 +0.002149
s-vi-dso -13.388381 +38.800271 -0.126012 gt -17.146541 +40.861032 -0.141469 s-dso -0.059222 -0.005144 +0.002151
s-vi-dso -13.492282 +38.858997 -0.126342 gt -17.238173 +40.902706 -0.141830 s-dso -0.059248 -0.005155 +0.002154
s-vi-dso -13.606816 +38.919884 -0.126677 gt -17.345732 +40.952093 -0.141296 s-dso -0.059959 -0.005167 +0.002157
s-vi-dso -13.747678 +38.997090 -0.127186 gt -17.461934 +41.005369 -0.140811 s-dso -0.060804 -0.005179 +0.002162
s-vi-dso -13.905034 +39.078576 -0.127758 gt -17.570505 +41.055553 -0.141986 s-dso -0.060729 -0.005191 +0.002166
s-vi-dso -14.046049 +39.153574 -0.128207 gt -17.676034 +41.104300 -0.141055 s-dso -0.061760 -0.005203 +0.002170
s-vi-dso -14.204448 +39.237385 -0.128719 gt -17.784532 +41.154534 -0.141372 s-dso -0.062432 -0.005215 +0.002175
s-vi-dso -14.331429 +39.301105 -0.129154 gt -17.863664 +41.190664 -0.141409 s-dso -0.062193 -0.005227 +0.002178
s-vi-dso -14.439633 +39.357602 -0.129566 gt -17.937552 +41.224002 -0.142640 s-dso -0.063550 -0.005238 +0.002182
s-vi-dso -14.533609 +39.403354 -0.129900 gt -17.995396 +41.249746 -0.143624 s-dso -0.063022 -0.005250 +0.002184
s-vi-dso -14.607416 +39.437263 -0.130121 gt -18.078749 +41.288472 -0.144861 s-dso -0.063698 -0.005260 +0.002186
s-vi-dso -14.704197 +39.495216 -0.130464 gt -18.192275 +41.341229 -0.144092 s-dso -0.064624 -0.005272 +0.002189
s-vi-dso -14.846871 +39.569295 -0.130964 gt -18.314992 +41.398100 -0.143932 s-dso -0.065147 -0.005284 +0.002193
s-vi-dso -15.031759 +39.663220 -0.131581 gt -18.453568 +41.462371 -0.142981 s-dso -0.065968 -0.005296 +0.002198
s-vi-dso -15.195480 +39.748030 -0.132120 gt -18.595061 +41.528078 -0.142762 s-dso -0.065719 -0.005308 +0.002203
s-vi-dso -15.386072 +39.846470 -0.132797 gt -18.703615 +41.578065 -0.143292 s-dso -0.067349 -0.005321 +0.002209
s-vi-dso -15.530161 +39.917274 -0.133302 gt -18.815201 +41.629376 -0.143778 s-dso -0.067064 -0.005333 +0.002212
s-vi-dso -15.673980 +39.994047 -0.133836 gt -18.896989 +41.666478 -0.145315 s-dso -0.068234 -0.005345 +0.002217
s-vi-dso -15.784980 +40.050179 -0.134199 gt -18.967631 +41.698521 -0.145734 s-dso -0.068060 -0.005357 +0.002220
s-vi-dso -15.888084 +40.103319 -0.134517 gt -19.038586 +41.730337 -0.145838 s-dso -0.069054 -0.005368 +0.002223
s-vi-dso -15.969940 +40.146475 -0.134823 gt -19.102102 +41.759212 -0.146279 s-dso -0.069463 -0.005379 +0.002225
s-vi-dso -16.062199 +40.192731 -0.135157 gt -19.175234 +41.792643 -0.146687 s-dso -0.069613 -0.005391 +0.002227
s-vi-dso -16.144638 +40.239026 -0.135436 gt -19.247614 +41.825413 -0.146078 s-dso -0.069524 -0.005402 +0.002230
s-vi-dso -16.258811 +40.293959 -0.135832 gt -19.323729 +41.860108 -0.147449 s-dso -0.071277 -0.005413 +0.002233
s-vi-dso -16.342296 +40.340058 -0.136149 gt -19.400622 +41.895623 -0.147958 s-dso -0.070806 -0.005425 +0.002235
s-vi-dso -16.453874 +40.398054 -0.136554 gt -19.495412 +41.939809 -0.148259 s-dso -0.071391 -0.005436 +0.002239
s-vi-dso -16.564349 +40.456995 -0.136945 gt -19.588970 +41.983185 -0.147721 s-dso -0.072143 -0.005448 +0.002242
s-vi-dso -16.689216 +40.519578 -0.137361 gt -19.686480 +42.028885 -0.149607 s-dso -0.072967 -0.005459 +0.002245
s-vi-dso -16.829470 +40.591728 -0.137827 gt -19.814338 +42.088472 -0.148253 s-dso -0.072381 -0.005471 +0.002249
s-vi-dso -16.983805 +40.671490 -0.138364 gt -19.925998 +42.140236 -0.149191 s-dso -0.073222 -0.005483 +0.002254
s-vi-dso -17.018962 +40.682610 -0.138377 gt -20.046029 +42.195633 -0.149981 s-dso -0.074087 -0.005494 +0.002254
s-vi-dso -17.158642 +40.751084 -0.138858 gt -20.175121 +42.255860 -0.147658 s-dso -0.074070 -0.005505 +0.002258
s-vi-dso -17.332599 +40.836911 -0.139498 gt -20.298490 +42.313388 -0.146877 s-dso -0.074590 -0.005518 +0.002263
s-vi-dso -17.378792 +40.859596 -0.139700 gt -20.411175 +42.364982 -0.146296 s-dso -0.075742 -0.005529 +0.002264
s-vi-dso -17.512980 +40.927298 -0.140189 gt -20.504173 +42.407269 -0.148650 s-dso -0.075232 -0.005541 +0.002268
s-vi-dso -17.643724 +40.992102 -0.140652 gt -20.607055 +42.454110 -0.149508 s-dso -0.076308 -0.005553 +0.002271
s-vi-dso -17.763645 +41.054035 -0.141054 gt -20.692775 +42.493273 -0.151750 s-dso -0.076083 -0.005564 +0.002275
s-vi-dso -17.785573 +41.050817 -0.140930 gt -20.789212 +42.537553 -0.151168 s-dso -0.076581 -0.005574 +0.002274
s-vi-dso -17.900665 +41.111110 -0.141333 gt -20.873022 +42.576165 -0.152234 s-dso -0.076837 -0.005585 +0.002277
s-vi-dso -18.018967 +41.170434 -0.141810 gt -20.963366 +42.617571 -0.151614 s-dso -0.078206 -0.005597 +0.002281
s-vi-dso -18.126489 +41.225000 -0.142200 gt -21.029116 +42.647260 -0.152935 s-dso -0.078875 -0.005609 +0.002284
s-vi-dso -18.217923 +41.271721 -0.142503 gt -21.111427 +42.684979 -0.154364 s-dso -0.078665 -0.005620 +0.002286
s-vi-dso -18.309964 +41.318099 -0.142801 gt -21.187962 +42.720125 -0.153859 s-dso -0.078343 -0.005631 +0.002289
s-vi-dso -18.422062 +41.374086 -0.143197 gt -21.260567 +42.753564 -0.154659 s-dso -0.078987 -0.005643 +0.002292
s-vi-dso -18.503480 +41.417041 -0.143444 gt -21.336535 +42.788486 -0.154320 s-dso -0.080222 -0.005654 +0.002294
s-vi-dso -18.612697 +41.472801 -0.143826 gt -21.536383 +42.881780 -0.163446 s-dso -0.080484 -0.005665 +0.002297
s-vi-dso -18.653881 +41.476505 -0.143626 gt -21.829718 +43.019701 -0.156284 s-dso -0.080958 -0.005675 +0.002297
s-vi-dso -18.787337 +41.551091 -0.144494 gt -22.107274 +43.149754 -0.152651 s-dso -0.080845 -0.005688 +0.002301
s-vi-dso -18.878457 +41.598213 -0.144781 gt -22.319676 +43.248949 -0.152538 s-dso -0.080877 -0.005699 +0.002304
s-vi-dso -18.939678 +41.624334 -0.144883 gt -22.429613 +43.294644 -0.156835 s-dso -0.082246 -0.005710 +0.002305
s-vi-dso -19.154817 +41.943532 -0.143537 gt -22.587316 +43.368412 -0.158931 s-dso -0.083016 -0.005714 +0.002323
s-vi-dso -19.380833 +41.993402 -0.144156 gt -22.760208 +43.449861 -0.155612 s-dso -0.082988 -0.005727 +0.002326
s-vi-dso -19.483446 +42.208283 -0.148769 gt -22.862757 +43.497299 -0.153734 s-dso -0.084279 -0.005755 +0.002338
s-vi-dso -19.504395 +42.184802 -0.148509 gt -22.932012 +43.527843 -0.155347 s-dso -0.084530 -0.005764 +0.002337
s-vi-dso -19.601153 +42.230605 -0.148837 gt -23.009687 +43.562785 -0.158956 s-dso -0.083842 -0.005775 +0.002339
s-vi-dso -19.676690 +42.267807 -0.149050 gt -23.133735 +43.620570 -0.162072 s-dso -0.084225 -0.005786 +0.002341
s-vi-dso -19.691043 +42.259456 -0.148786 gt -23.298135 +43.697013 -0.159386 s-dso -0.084564 -0.005795 +0.002341
s-vi-dso -19.893522 +42.356574 -0.149595 gt -23.446953 +43.765717 -0.157888 s-dso -0.085356 -0.005808 +0.002346
s-vi-dso -19.972374 +42.395521 -0.149941 gt -23.553047 +43.814124 -0.159137 s-dso -0.086052 -0.005820 +0.002348
s-vi-dso -20.014178 +42.419171 -0.150152 gt -23.664864 +43.865254 -0.160850 s-dso -0.085358 -0.005831 +0.002349
s-vi-dso -20.081440 +42.454736 -0.150520 gt -23.764382 +43.910543 -0.160721 s-dso -0.085809 -0.005842 +0.002351
s-vi-dso -20.113276 +42.474343 -0.150705 gt -23.852976 +43.952254 -0.146290 s-dso -0.086289 -0.005853 +0.002352
s-vi-dso -20.250590 +42.554590 -0.151418 gt -23.929741 +43.988499 -0.119227 s-dso -0.087562 -0.005866 +0.002357
s-vi-dso -20.370598 +42.641074 -0.153691 gt -24.029092 +44.033494 -0.140964 s-dso -0.087295 -0.005885 +0.002361
s-vi-dso -20.436553 +42.645534 -0.152850 gt -24.133845 +44.081592 -0.166510 s-dso -0.088183 -0.005891 +0.002361
s-vi-dso -20.466092 +42.709285 -0.151331 gt -24.209667 +44.115891 -0.163704 s-dso -0.087983 -0.005895 +0.002365
s-vi-dso -20.582786 +42.760186 -0.151817 gt -24.296781 +44.155563 -0.162281 s-dso -0.088917 -0.005907 +0.002368
s-vi-dso -20.689907 +42.809996 -0.152260 gt -24.361891 +44.184436 -0.162359 s-dso -0.089255 -0.005919 +0.002370
s-vi-dso -20.787414 +42.854736 -0.152593 gt -24.429850 +44.215099 -0.163113 s-dso -0.089727 -0.005930 +0.002373
s-vi-dso -20.865247 +42.889523 -0.152918 gt -24.495955 +44.245146 -0.163972 s-dso -0.088862 -0.005942 +0.002375
s-vi-dso -20.959123 +42.934387 -0.153224 gt -24.573373 +44.280508 -0.165594 s-dso -0.089348 -0.005953 +0.002377
s-vi-dso -21.043757 +42.975987 -0.153531 gt -24.750611 +44.362902 -0.173552 s-dso -0.090696 -0.005964 +0.002379
s-vi-dso -21.085350 +42.973619 -0.152607 gt -24.996662 +44.477896 -0.166806 s-dso -0.089830 -0.005970 +0.002379
s-vi-dso -21.162598 +43.038286 -0.153194 gt -25.230294 +44.586988 -0.160972 s-dso -0.090235 -0.005983 +0.002383
s-vi-dso -21.465788 +43.178168 -0.154470 gt -25.378207 +44.655221 -0.162981 s-dso -0.092643 -0.005998 +0.002390
s-vi-dso -21.487082 +43.189639 -0.154492 gt -25.523586 +44.722021 -0.165209 s-dso -0.092595 -0.006008 +0.002391
s-vi-dso -21.531675 +43.219224 -0.154673 gt -25.656726 +44.783078 -0.165937 s-dso -0.092012 -0.006019 +0.002393
s-vi-dso -21.574361 +43.246835 -0.154901 gt -25.792185 +44.844997 -0.166768 s-dso -0.092236 -0.006030 +0.002394
s-vi-dso -21.632281 +43.278781 -0.155251 gt -25.945787 +44.915431 -0.169395 s-dso -0.092363 -0.006041 +0.002396
s-vi-dso -21.661364 +43.293898 -0.155403 gt -26.176433 +45.022395 -0.172700 s-dso -0.092118 -0.006052 +0.002396
s-vi-dso -21.711620 +43.316651 -0.155598 gt -26.448022 +45.149013 -0.171038 s-dso -0.093486 -0.006062 +0.002398
s-vi-dso -21.739853 +43.331995 -0.155758 gt -26.663976 +45.249486 -0.167052 s-dso -0.093395 -0.006073 +0.002398
s-vi-dso -21.873021 +43.389706 -0.156274 gt -26.830850 +45.326041 -0.167800 s-dso -0.093309 -0.006085 +0.002401
s-vi-dso -21.902826 +43.415474 -0.156430 gt -26.943008 +45.376428 -0.169403 s-dso -0.094053 -0.006096 +0.002403
s-vi-dso -21.965775 +43.457970 -0.156800 gt -27.049576 +45.424288 -0.171501 s-dso -0.093557 -0.006107 +0.002405
s-vi-dso -22.029431 +43.503479 -0.157224 gt -27.146439 +45.467971 -0.172425 s-dso -0.094979 -0.006119 +0.002407
s-vi-dso -22.049884 +43.529207 -0.157299 gt -27.267310 +45.522910 -0.173926 s-dso -0.094314 -0.006129 +0.002409
s-vi-dso -22.184273 +43.596078 -0.157865 gt -27.411367 +45.589062 -0.173229 s-dso -0.094390 -0.006141 +0.002412
s-vi-dso -22.203143 +43.614800 -0.157936 gt -27.546050 +45.651060 -0.174252 s-dso -0.095590 -0.006152 +0.002413
s-vi-dso -22.211971 +43.623768 -0.157964 gt -27.706135 +45.724673 -0.174005 s-dso -0.094506 -0.006162 +0.002414
s-vi-dso -22.225983 +43.642427 -0.158045 gt -27.862114 +45.796645 -0.173431 s-dso -0.094658 -0.006172 +0.002415
s-vi-dso -22.240793 +43.663235 -0.158122 gt -28.039542 +45.878254 -0.173474 s-dso -0.094585 -0.006182 +0.002416
s-vi-dso -22.248854 +43.672546 -0.158145 gt -28.203862 +45.953966 -0.174368 s-dso -0.094598 -0.006193 +0.002416
s-vi-dso -22.271485 +43.694911 -0.158362 gt -28.383163 +46.036702 -0.174352 s-dso -0.095485 -0.006203 +0.002417
s-vi-dso -22.280197 +43.707889 -0.158411 gt -28.554256 +46.115229 -0.175359 s-dso -0.095315 -0.006214 +0.002418
s-vi-dso -22.300600 +43.727386 -0.158482 gt -28.702456 +46.183522 -0.176596 s-dso -0.095307 -0.006224 +0.002419
s-vi-dso -22.325953 +43.742735 -0.158501 gt -28.893463 +46.271932 -0.179084 s-dso -0.095132 -0.006234 +0.002420
s-vi-dso -22.365537 +43.758931 -0.158656 gt -29.094780 +46.365193 -0.180604 s-dso -0.095558 -0.006245 +0.002420
s-vi-dso -22.407460 +43.777334 -0.158890 gt -29.352616 +46.484133 -0.180534 s-dso -0.096278 -0.006256 +0.002421
s-vi-dso -22.440680 +43.797926 -0.159103 gt -29.614699 +46.605273 -0.180853 s-dso -0.095464 -0.006266 +0.002422
s-vi-dso -22.468257 +43.808972 -0.159222 gt -29.875806 +46.726027 -0.181588 s-dso -0.096813 -0.006277 +0.002423
s-vi-dso -22.512353 +43.822733 -0.159395 gt -30.142794 +46.848976 -0.178802 s-dso -0.096899 -0.006288 +0.002423
s-vi-dso -22.885661 +43.984311 -0.161051 gt -30.363085 +46.950117 -0.179888 s-dso -0.097760 -0.006304 +0.002433
s-vi-dso -22.954576 +44.006587 -0.161399 gt -30.558874 +47.040077 -0.183096 s-dso -0.097503 -0.006316 +0.002434
s-vi-dso -23.238860 +44.130727 -0.162626 gt -30.817062 +47.158782 -0.182903 s-dso -0.099378 -0.006331 +0.002441
s-vi-dso -23.555170 +44.270503 -0.164031 gt -31.046650 +47.264896 -0.182756 s-dso -0.101182 -0.006346 +0.002448
s-vi-dso -23.661539 +44.308413 -0.164512 gt -31.263934 +47.364424 -0.183331 s-dso -0.100932 -0.006358 +0.002450
s-vi-dso -23.798221 +44.361214 -0.165146 gt -31.468343 +47.457835 -0.184088 s-dso -0.101446 -0.006371 +0.002453
s-vi-dso -23.915882 +44.409997 -0.165780 gt -31.664764 +47.548073 -0.185902 s-dso -0.102498 -0.006383 +0.002456
s-vi-dso -24.173365 +44.519132 -0.166941 gt -31.863529 +47.639274 -0.186678 s-dso -0.103438 -0.006398 +0.002462
s-vi-dso -24.284860 +44.561957 -0.167583 gt -32.065952 +47.732483 -0.187827 s-dso -0.103465 -0.006410 +0.002464
s-vi-dso -24.553775 +44.677895 -0.168783 gt -32.287656 +47.834415 -0.188284 s-dso -0.104865 -0.006425 +0.002471
s-vi-dso -24.661210 +44.723646 -0.169369 gt -32.508559 +47.935773 -0.189292 s-dso -0.105719 -0.006437 +0.002473
s-vi-dso -24.718892 +44.742945 -0.169514 gt -32.735089 +48.040371 -0.188576 s-dso -0.104917 -0.006448 +0.002474
s-vi-dso -24.799995 +44.772827 -0.169798 gt -32.949714 +48.138759 -0.189062 s-dso -0.106166 -0.006459 +0.002476
s-vi-dso -24.872973 +44.802065 -0.170082 gt -33.142908 +48.227289 -0.190020 s-dso -0.105396 -0.006470 +0.002477
s-vi-dso -25.103791 +44.901405 -0.171131 gt -33.322816 +48.309690 -0.190407 s-dso -0.107172 -0.006485 +0.002483
s-vi-dso -25.204079 +44.944839 -0.171607 gt -33.487507 +48.385086 -0.190646 s-dso -0.106998 -0.006496 +0.002485
s-vi-dso -25.313313 +44.993133 -0.172179 gt -33.633204 +48.451094 -0.192434 s-dso -0.107330 -0.006509 +0.002488
s-vi-dso -25.505772 +45.076573 -0.173021 gt -33.774721 +48.515565 -0.191879 s-dso -0.108639 -0.006522 +0.002493
s-vi-dso -25.697657 +45.161516 -0.173945 gt -33.888343 +48.566622 -0.191838 s-dso -0.109873 -0.006536 +0.002497
s-vi-dso -25.853922 +45.230396 -0.174719 gt -33.976971 +48.606429 -0.193419 s-dso -0.110480 -0.006549 +0.002501
s-vi-dso -25.985168 +45.290805 -0.175298 gt -34.079626 +48.652667 -0.193173 s-dso -0.110658 -0.006561 +0.002504
s-vi-dso -26.124335 +45.352628 -0.175970 gt -34.180698 +48.697992 -0.193690 s-dso -0.110967 -0.006574 +0.002508
s-vi-dso -26.245264 +45.406068 -0.176520 gt -34.269249 +48.737884 -0.193164 s-dso -0.111475 -0.006586 +0.002511
s-vi-dso -26.378932 +45.465010 -0.177148 gt -34.348309 +48.773371 -0.193625 s-dso -0.112191 -0.006599 +0.002514
s-vi-dso -26.482713 +45.510880 -0.177606 gt -34.438351 +48.813946 -0.194288 s-dso -0.112959 -0.006610 +0.002516
s-vi-dso -26.599247 +45.562569 -0.178184 gt -34.525488 +48.853919 -0.195472 s-dso -0.113164 -0.006623 +0.002519
s-vi-dso -26.712575 +45.614047 -0.178766 gt -34.612250 +48.893163 -0.195003 s-dso -0.114042 -0.006635 +0.002522
s-vi-dso -26.830109 +45.666162 -0.179319 gt -34.690676 +48.928530 -0.195931 s-dso -0.113293 -0.006647 +0.002525
s-vi-dso -26.932788 +45.712231 -0.179810 gt -34.771872 +48.965477 -0.197035 s-dso -0.113914 -0.006659 +0.002527
s-vi-dso -27.037492 +45.759906 -0.180325 gt -34.878917 +49.014816 
