0 1552010742.19358 -169769.93925 3477117.16816 -0.13556 0.00005 -0.00007 -1.39762 
1 1552010742.76110 -169769.93925 3477117.16816 -0.13556 0.00005 -0.00007 -1.39762 
2 1552010743.21238 -169769.93925 3477117.16816 -0.13556 0.00005 -0.00007 -1.39762 
3 1552010743.63291 -169769.93925 3477117.16816 -0.13556 0.00005 -0.00007 -1.39762 
4 1552010744.05250 -169769.93925 3477117.16816 -0.13556 0.00005 -0.00007 -1.39762 
5 1552010744.47419 -169769.93925 3477117.16816 -0.13556 0.00005 -0.00007 -1.39762 
6 1552010744.89556 -169769.93925 3477117.16816 -0.13556 0.00005 -0.00007 -1.39762 
7 1552010745.31760 -169769.93925 3477117.16816 -0.13556 0.00005 -0.00007 -1.39762 
8 1552010745.74233 -169769.93925 3477117.16816 -0.13556 0.00005 -0.00007 -1.39762 
9 1552010746.20098 -169769.93925 3477117.16816 -0.13556 0.00005 -0.00007 -1.39762 
10 1552010746.63019 -169769.93925 3477117.16816 -0.13556 0.00005 -0.00007 -1.39762 
11 1552010747.07993 -169769.93925 3477117.16816 -0.13556 0.00005 -0.00007 -1.39762 
12 1552010747.50440 -169769.94058 3477117.16792 -0.13557 -0.00011 -0.00005 -1.39762 
13 1552010747.92947 -169769.90642 3477117.17410 -0.13833 0.00305 -0.00003 -1.39795 
14 1552010748.38908 -169769.78021 3477117.19629 -0.13717 0.00181 -0.00028 -1.39804 
15 1552010748.81047 -169769.61339 3477117.22551 -0.13598 0.00049 -0.00022 -1.39811 
16 1552010749.23453 -169769.44050 3477117.25589 -0.13490 -0.00072 -0.00048 -1.39822 
17 1552010749.69118 -169769.29140 3477117.28214 -0.13555 0.00001 -0.00049 -1.39834 
18 1552010750.14591 -169769.00436 3477117.33203 -0.14209 0.00737 -0.00076 -1.39788 
19 1552010750.56732 -169768.55716 3477117.41068 -0.13605 0.00060 -0.00104 -1.39817 
20 1552010750.99598 -169768.20772 3477117.47219 -0.13317 -0.00261 -0.00146 -1.39830 
21 1552010751.45811 -169767.87209 3477117.53122 -0.13517 -0.00040 -0.00151 -1.39843 
22 1552010751.88494 -169767.50767 3477117.59517 -0.13968 0.00468 -0.00173 -1.39847 
23 1552010752.32562 -169766.98483 3477117.68706 -0.14256 0.00792 -0.00258 -1.39854 
24 1552010752.74803 -169766.29283 3477117.81880 -0.13488 -0.00067 -0.00331 -1.37474 
25 1552010753.16857 -169765.67859 3477117.94177 -0.13353 -0.00220 -0.00307 -1.37471 
26 1552010753.59405 -169765.17509 3477118.04275 -0.13641 0.00101 -0.00349 -1.37468 
27 1552010754.02019 -169764.48743 3477118.18440 -0.14337 0.00845 -0.00540 -1.36124 
28 1552010754.48334 -169763.50116 3477118.39650 -0.13810 0.00273 -0.00605 -1.35921 
29 1552010754.94284 -169762.61200 3477118.60684 -0.12728 -0.01019 -0.00218 -1.32907 
30 1552010755.36720 -169762.21789 3477118.70387 -0.13225 -0.00394 -0.00089 -1.32865 
31 1552010755.81276 -169761.45223 3477118.89842 -0.12910 -0.00793 0.00499 -1.30948 
32 1552010756.23114 -169760.94845 3477119.03562 -0.13141 -0.00661 0.00823 -1.27825 
33 1552010756.65467 -169760.42228 3477119.19934 -0.14280 0.00779 0.00590 -1.26309 
34 1552010757.07557 -169759.86761 3477119.38192 -0.13394 -0.00181 0.00997 -1.23814 
35 1552010757.49517 -169759.41200 3477119.53890 -0.13359 -0.00214 0.00668 -1.23255 
36 1552010757.91369 -169758.98232 3477119.68727 -0.13622 0.00079 0.00647 -1.23167 
37 1552010758.33960 -169758.44768 3477119.87874 -0.14459 0.00926 0.00466 -1.21135 
38 1552010758.78617 -169757.60224 3477120.19314 -0.13989 0.00462 0.00542 -1.20990 
39 1552010759.20866 -169756.82149 3477120.48308 -0.13014 -0.00659 0.00658 -1.20840 
40 1552010759.62984 -169756.31478 3477120.67115 -0.13433 -0.00175 0.00677 -1.20731 
41 1552010760.05398 -169755.89380 3477120.82867 -0.13442 -0.00123 0.00867 -1.20661 
42 1552010760.50610 -169755.60310 3477120.93711 -0.13289 -0.00248 0.00963 -1.20605 
43 1552010760.92532 -169755.45244 3477120.99301 -0.13369 -0.00047 0.00906 -1.20567 
44 1552010761.34695 -169755.37255 3477121.02051 -0.13492 0.00078 0.00881 -1.20527 
45 1552010761.76774 -169755.30296 3477121.04443 -0.13607 0.00201 0.00738 -1.20484 
46 1552010762.18929 -169755.19297 3477121.08458 -0.14128 0.00785 0.00619 -1.20523 
47 1552010762.61924 -169754.82298 3477121.22511 -0.14685 0.01130 0.00400 -1.20786 
48 1552010763.07165 -169754.11343 3477121.49326 -0.13456 -0.00144 0.00645 -1.21087 
49 1552010763.52052 -169753.44317 3477121.74517 -0.13695 0.00159 0.00733 -1.20037 
50 1552010763.94728 -169752.74682 3477122.01969 -0.13230 -0.00309 0.00458 -1.18755 
51 1552010764.37694 -169752.07698 3477122.30059 -0.14041 0.00615 0.00500 -1.15461 
52 1552010764.79696 -169751.31870 3477122.66355 -0.12850 -0.00760 0.00345 -1.08981 
53 1552010765.21679 -169750.85022 3477122.91462 -0.13010 -0.00524 0.00108 -1.06970 
54 1552010765.63990 -169750.37522 3477123.18137 -0.13266 -0.00123 -0.00083 -1.05662 
55 1552010766.05995 -169749.89232 3477123.45490 -0.13721 0.00146 -0.00125 -1.05549 
56 1552010766.47895 -169749.31175 3477123.78539 -0.13180 -0.00335 -0.00353 -1.05549 
57 1552010766.90003 -169748.69117 3477124.13895 -0.14004 0.00468 -0.00488 -1.05547 
58 1552010767.31782 -169748.00933 3477124.52777 -0.13562 0.00053 -0.00636 -1.05546 
59 1552010767.73692 -169747.29809 3477124.93356 -0.13946 0.00448 -0.00634 -1.05541 
60 1552010768.16345 -169746.35249 3477125.47039 -0.13255 -0.00373 -0.01284 -1.08966 
61 1552010768.61819 -169745.65660 3477125.82836 -0.12947 -0.00788 -0.00406 -1.11503 
62 1552010769.07468 -169745.29298 3477126.00402 -0.13070 -0.00574 -0.00600 -1.13252 
63 1552010769.50321 -169745.06273 3477126.11441 -0.13733 0.00197 -0.00751 -1.13214 
64 1552010769.92479 -169744.57657 3477126.34577 -0.14211 0.00636 -0.00541 -1.13169 
65 1552010770.34937 -169743.83114 3477126.70005 -0.13655 0.00083 -0.00845 -1.13109 
66 1552010770.77075 -169743.23709 3477126.97196 -0.13009 -0.00737 -0.00677 -1.17100 
67 1552010771.19398 -169742.72292 3477127.19104 -0.13801 0.00247 -0.00888 -1.16821 
68 1552010771.63769 -169741.94563 3477127.52598 -0.14484 0.00927 -0.00619 -1.16626 
69 1552010772.05858 -169741.02561 3477127.92225 -0.13360 -0.00251 -0.00540 -1.16400 
70 1552010772.47699 -169740.07069 3477128.33608 -0.13262 -0.00339 0.00047 -1.15329 
71 1552010772.89985 -169739.37228 3477128.66375 -0.12996 -0.00647 0.00002 -1.12286 
72 1552010773.32494 -169738.80749 3477128.93462 -0.13368 -0.00207 0.00258 -1.12380 
73 1552010773.75182 -169738.22445 3477129.21295 -0.13827 0.00311 0.00377 -1.12459 
74 1552010774.17311 -169737.62026 3477129.50057 -0.14249 0.00777 0.00427 -1.12513 
75 1552010774.59782 -169736.91357 3477129.83626 -0.13799 0.00279 0.00491 -1.12576 
76 1552010775.04697 -169736.02924 3477130.25591 -0.13582 0.00035 0.00449 -1.12662 
77 1552010775.49393 -169735.25320 3477130.62365 -0.13869 0.00355 0.00389 -1.12695 
78 1552010775.91868 -169734.26348 3477131.09267 -0.14269 0.00804 0.00275 -1.12732 
79 1552010776.34112 -169733.16328 3477131.61412 -0.13895 0.00388 0.00178 -1.12759 
80 1552010776.76307 -169731.93703 3477132.19502 -0.13200 -0.00393 0.00143 -1.12794 
81 1552010777.18454 -169731.07204 3477132.60471 -0.12869 -0.00757 0.00138 -1.12817 
82 1552010777.61000 -169730.35293 3477132.94538 -0.13668 0.00132 0.00093 -1.12826 
83 1552010778.03448 -169729.35077 3477133.42033 -0.13758 0.00230 0.00016 -1.12843 
84 1552010778.45643 -169728.44476 3477133.84977 -0.13404 -0.00170 -0.00007 -1.12857 
85 1552010778.88002 -169727.54999 3477134.27380 -0.13453 -0.00114 -0.00017 -1.12866 
86 1552010779.30257 -169726.75324 3477134.65146 -0.13936 0.00428 -0.00081 -1.12869 
87 1552010779.72835 -169725.78116 3477135.11242 -0.13906 0.00391 -0.00112 -1.12872 
88 1552010780.17252 -169724.66100 3477135.64375 -0.13988 0.00486 -0.00155 -1.12876 
89 1552010780.59095 -169723.64532 3477136.12569 -0.13473 -0.00088 -0.00205 -1.12882 
90 1552010781.00990 -169722.71255 3477136.56831 -0.13188 -0.00409 -0.00209 -1.12888 
91 1552010781.42821 -169721.85477 3477136.97504 -0.13849 0.00331 -0.00165 -1.12890 
92 1552010781.84856 -169721.07580 3477137.34451 -0.13461 -0.00101 -0.00200 -1.12893 
93 1552010782.27521 -169720.15761 3477137.79180 -0.14172 0.00692 -0.00143 -1.10098 
94 1552010782.73267 -169719.15409 3477138.30275 -0.13909 0.00394 -0.00176 -1.10138 
95 1552010783.15542 -169718.10660 3477138.83752 -0.13277 -0.00714 0.00791 -1.07746 
96 1552010783.60911 -169717.18711 3477139.36096 -0.13805 0.00092 0.00848 -1.04039 
97 1552010784.03135 -169716.33989 3477139.85816 -0.14449 0.00999 0.00139 -1.03865 
98 1552010784.49086 -169714.98219 3477140.65778 -0.13125 -0.00492 0.00027 -1.03756 
99 1552010784.95305 -169713.74297 3477141.38676 -0.13858 0.00335 -0.00071 -1.03958 
100 1552010785.40456 -169712.66192 3477141.98797 -0.12736 -0.01037 -0.00239 -1.08444 
101 1552010785.82436 -169712.04850 3477142.30007 -0.13460 -0.00205 0.00183 -1.10492 
102 1552010786.24729 -169711.30491 3477142.67358 -0.14118 0.00605 0.00049 -1.10482 
103 1552010786.69793 -169710.20200 3477143.22695 -0.14827 0.01383 0.00014 -1.10475 
104 1552010787.11405 -169709.08566 3477143.78717 -0.12878 -0.00771 0.00088 -1.10465 
105 1552010787.52901 -169707.96585 3477144.34919 -0.14099 0.00611 0.00144 -1.10464 
106 1552010787.94996 -169706.91304 3477144.87751 -0.14052 0.00565 0.00257 -1.10365 
107 1552010788.39417 -169705.70083 3477145.50097 -0.13083 -0.00540 0.00385 -1.09289 
108 1552010788.81060 -169704.57296 3477146.08860 -0.14365 0.00751 0.00855 -1.05747 
109 1552010789.22900 -169703.40469 3477146.77416 -0.12917 -0.00768 -0.00112 -1.01391 
110 1552010789.67515 -169702.35605 3477147.46999 -0.14182 0.00602 0.00742 -0.92045 
111 1552010790.09162 -169701.22587 3477148.35322 -0.13422 -0.00190 0.01127 -0.88070 
112 1552010790.51025 -169700.31810 3477149.30210 -0.14367 0.00466 0.01066 -0.59370 
113 1552010790.96106 -169699.54558 3477150.52293 -0.13158 -0.00513 -0.00477 -0.56045 
114 1552010791.38033 -169698.70168 3477151.86997 -0.14479 0.01008 -0.00219 -0.56145 
115 1552010791.79770 -169697.90049 3477153.14241 -0.13179 -0.00710 -0.00873 -0.59611 
116 1552010792.21822 -169697.32604 3477153.98482 -0.13137 -0.00660 -0.00522 -0.60462 
117 1552010792.63797 -169696.75799 3477154.81449 -0.14022 0.00467 -0.00785 -0.60061 
118 1552010793.05609 -169696.10479 3477155.77883 -0.14604 0.01027 -0.00552 -0.59808 
119 1552010793.47423 -169695.09873 3477157.26545 -0.14083 0.00507 -0.00293 -0.59548 
120 1552010793.89533 -169694.12200 3477158.74709 -0.13686 0.00030 0.01600 -0.51810 
121 1552010794.31730 -169693.49525 3477160.34101 -0.13874 -0.00221 0.01956 -0.06396 
122 1552010794.73787 -169693.56245 3477161.58352 -0.13051 -0.00942 -0.00723 0.13274 
123 1552010795.15989 -169693.69864 3477162.56017 -0.14391 0.00874 -0.00480 0.14381 
124 1552010795.58313 -169693.88241 3477163.45488 -0.12905 -0.00746 -0.00015 0.26789 
125 1552010796.00517 -169694.07902 3477164.15232 -0.13792 0.00228 0.00015 0.28084 
126 1552010796.42588 -169694.27744 3477164.73752 -0.13079 -0.00534 -0.00378 0.36549 
127 1552010796.84664 -169694.48203 3477165.26181 -0.14424 0.00923 0.00545 0.39355 
128 1552010797.27142 -169694.91930 3477166.26109 -0.14278 0.00735 0.00017 0.41758 
129 1552010797.73344 -169695.49370 3477167.48196 -0.14197 0.00670 0.00125 0.47935 
130 1552010798.19285 -169696.12389 3477168.69133 -0.13166 -0.00446 0.00510 0.49091 
131 1552010798.61540 -169696.83174 3477169.81744 -0.13992 0.00254 -0.00341 0.63262 
132 1552010799.03761 -169697.61813 3477170.88123 -0.13533 -0.00079 0.00158 0.64526 
133 1552010799.45936 -169698.52521 3477171.98702 -0.14072 0.00520 -0.00487 0.70228 
134 1552010799.88031 -169699.49985 3477173.11870 -0.13584 -0.00013 0.00582 0.73803 
135 1552010800.30035 -169700.53895 3477174.22423 -0.13407 -0.00191 -0.00776 0.75427 
136 1552010800.72078 -169701.64280 3477175.38301 -0.14280 0.00808 -0.00112 0.77435 
137 1552010801.14612 -169702.79887 3477176.48631 -0.13077 -0.00708 -0.00713 0.81658 
138 1552010801.59828 -169703.89032 3477177.45828 -0.14344 0.00792 0.00027 0.89283 
139 1552010802.02187 -169705.03117 3477178.32769 -0.12907 -0.00916 -0.00478 0.92844 
140 1552010802.44500 -169705.81843 3477178.91913 -0.14239 0.00503 -0.01250 0.89799 
141 1552010802.87305 -169706.79190 3477179.76015 -0.13006 -0.00769 0.00020 0.83959 
142 1552010803.32807 -169707.78602 3477180.64804 -0.14481 0.01001 0.00480 0.85168 
143 1552010803.75045 -169708.89612 3477181.56050 -0.13220 -0.00656 0.00623 0.90233 
144 1552010804.17103 -169709.74349 3477182.24069 -0.15298 0.01070 0.00338 0.91014 
145 1552010804.59346 -169710.85913 3477183.11564 -0.14546 0.01108 0.00465 0.90955 
146 1552010805.02046 -169711.83551 3477183.92333 -0.12961 -0.00893 0.00579 0.86303 
147 1552010805.47503 -169712.51173 3477184.49977 -0.14182 0.00655 0.00938 0.89020 
148 1552010805.92738 -169713.41393 3477185.23805 -0.13317 -0.00306 0.00914 0.88869 
149 1552010806.34809 -169714.36341 3477186.00568 -0.14432 0.00885 0.00516 0.90873 
150 1552010806.77196 -169715.47987 3477186.87869 -0.12884 -0.00695 0.00291 0.90894 
151 1552010807.22753 -169716.66798 3477187.80596 -0.13778 0.00275 0.00228 0.90874 
152 1552010807.64984 -169717.84237 3477188.72172 -0.14076 0.00549 0.00040 0.90863 
153 1552010808.07535 -169719.15981 3477189.76081 -0.13541 -0.00095 -0.00576 0.87521 
154 1552010808.53308 -169720.33750 3477190.74142 -0.13888 0.00358 -0.00269 0.87712 
155 1552010808.99289 -169721.77142 3477191.93077 -0.13495 -0.00062 -0.00216 0.87870 
156 1552010809.44640 -169723.23101 3477193.13904 -0.14554 0.01135 0.00116 0.88232 
157 1552010809.86979 -169724.75322 3477194.36203 -0.13546 -0.00104 -0.00216 0.90025 
158 1552010810.29581 -169726.18556 3477195.49556 -0.13143 -0.00736 -0.00039 0.90191 
159 1552010810.74755 -169727.66245 3477196.66319 -0.14018 -0.00497 0.00020 0.90345 
160 1552010811.16542 -169728.60854 3477197.41058 -0.13628 -0.00056 0.00151 0.90454 
161 1552010811.58509 -169729.62740 3477198.21533 -0.13104 -0.00526 0.00388 0.90541 
162 1552010812.00849 -169730.34564 3477198.78308 -0.13879 0.00343 0.00460 0.90603 
163 1552010812.44434 -169731.39371 3477199.61267 -0.14828 0.01261 0.00314 0.90633 
164 1552010812.86638 -169732.90058 3477200.80391 -0.14411 0.00821 0.00434 0.90642 
165 1552010813.32020 -169734.32855 3477201.93401 -0.13249 -0.00433 0.00571 0.90764 
166 1552010813.75043 -169735.82771 3477203.11935 -0.14480 0.00903 0.00646 0.90738 
167 1552010814.17050 -169737.34066 3477204.32243 -0.12906 -0.01031 0.00503 0.91141 
168 1552010814.59197 -169738.50600 3477205.24522 -0.13064 -0.00636 -0.00089 0.87827 
169 1552010815.04246 -169739.33091 3477205.94397 -0.13411 -0.00296 0.00568 0.86921 
170 1552010815.49227 -169740.41091 3477206.86559 -0.14751 0.01168 0.00418 0.86649 
171 1552010815.93562 -169741.84032 3477208.08722 -0.14784 0.01229 0.00154 0.86456 
172 1552010816.35417 -169743.52313 3477209.51659 -0.13116 -0.00530 0.01186 0.89452 
173 1552010816.77620 -169744.87568 3477210.55469 -0.12662 -0.01353 0.00025 0.92948 
174 1552010817.22976 -169746.08008 3477211.45299 -0.14579 0.01103 -0.00066 0.93016 
175 1552010817.64877 -169747.62789 3477212.62835 -0.14355 0.00535 -0.00317 0.87375 
176 1552010818.07384 -169749.17740 3477213.94959 -0.13620 0.00009 0.00796 0.86803 
177 1552010818.54178 -169750.85532 3477215.34124 -0.13526 -0.00132 0.00606 0.89245 
178 1552010818.99878 -169752.40912 3477216.59842 -0.13896 0.00345 0.00276 0.89032 
179 1552010819.41882 -169753.99720 3477217.88334 -0.13190 -0.00413 0.00015 0.88863 
180 1552010819.83926 -169755.36875 3477218.99297 -0.13711 0.00143 -0.00275 0.88734 
181 1552010820.25765 -169756.60271 3477219.99011 -0.12828 -0.00875 -0.00371 0.88609 
182 1552010820.67523 -169757.77308 3477220.93749 -0.13754 0.00217 -0.00675 0.88552 
183 1552010821.10405 -169758.85113 3477221.80914 -0.14181 0.00664 -0.00814 0.88519 
184 1552010821.55999 -169760.29355 3477222.97349 -0.13181 -0.00467 -0.00877 0.88458 
185 1552010821.97912 -169761.66428 3477224.07989 -0.14107 0.00528 -0.00903 0.88475 
186 1552010822.40306 -169763.02725 3477225.17918 -0.13477 -0.00184 -0.00996 0.88355 
187 1552010822.84891 -169764.18322 3477226.12395 -0.13030 -0.00782 -0.00690 0.86337 
188 1552010823.27347 -169765.04244 3477226.85086 -0.14251 0.00684 -0.00755 0.86230 
189 1552010823.69667 -169766.16721 3477227.80164 -0.14278 0.00661 -0.00572 0.86177 
190 1552010824.11839 -169767.27682 3477228.74166 -0.13798 0.00238 -0.00958 0.86091 
191 1552010824.54069 -169768.69239 3477229.93849 -0.14189 0.00578 -0.00882 0.86089 
192 1552010824.96224 -169770.06665 3477231.10040 -0.13576 -0.00064 -0.01045 0.85973 
193 1552010825.38073 -169771.64859 3477232.43840 -0.14408 0.00750 -0.00890 0.86027 
194 1552010825.79929 -169773.44890 3477233.95629 -0.13482 -0.00200 -0.00301 0.87411 
195 1552010826.21946 -169775.08299 3477235.20607 -0.12820 -0.01288 -0.00393 0.92474 
196 1552010826.64260 -169776.30265 3477236.11428 -0.14304 0.00759 -0.00739 0.92687 
197 1552010827.06215 -169777.90102 3477237.29740 -0.14546 0.00944 -0.00602 0.92882 
198 1552010827.48185 -169779.39903 3477238.40401 -0.13034 -0.00727 -0.00621 0.92873 
199 1552010827.90477 -169780.99139 3477239.58366 -0.13702 0.00135 -0.01084 0.92499 
200 1552010828.32355 -169782.23097 3477240.58729 -0.12899 -0.01084 -0.00364 0.85089 
201 1552010828.74644 -169783.26797 3477241.49231 -0.14610 0.01117 -0.00324 0.85303 
202 1552010829.16916 -169784.69364 3477242.73284 -0.14822 0.01358 -0.00045 0.85467 
203 1552010829.60104 -169786.24859 3477244.08675 -0.12670 -0.01000 0.00060 0.85594 
204 1552010830.06298 -169787.75017 3477245.39312 -0.13450 -0.00122 0.00297 0.85814 
205 1552010830.51980 -169788.96833 3477246.41692 -0.12883 -0.00948 0.00123 0.88436 
206 1552010830.93751 -169790.11024 3477247.35952 -0.14145 0.01801 -0.00183 0.88799 
207 1552010831.35747 -169791.45807 3477248.41025 -0.13281 -0.00251 0.00026 0.90889 
208 1552010831.77896 -169792.84494 3477249.47105 -0.14448 0.00687 0.01060 0.95481 
209 1552010832.22741 -169794.60076 3477250.68655 -0.13075 -0.00565 -0.00214 0.96390 
210 1552010832.67923 -169796.28543 3477251.88743 -0.13645 0.00083 -0.00474 0.91685 
211 1552010833.10434 -169797.69641 3477252.96513 -0.13036 -0.00511 -0.00219 0.91419 
212 1552010833.55736 -169799.20161 3477254.09577 -0.14355 0.00851 -0.00059 0.95763 
213 1552010833.97855 -169800.72903 3477255.14820 -0.13119 -0.00572 -0.00322 0.96768 
214 1552010834.39889 -169802.33703 3477256.06643 -0.13569 -0.00077 -0.00930 1.09643 
215 1552010834.82347 -169803.73916 3477256.77100 -0.13567 -0.00156 -0.00932 1.09705 
216 1552010835.27516 -169805.24723 3477257.50584 -0.14333 0.00736 -0.00682 1.12500 
217 1552010835.73413 -169806.76496 3477258.21606 -0.14053 0.00535 0.00112 1.15578 
218 1552010836.17811 -169808.60291 3477258.99650 -0.13365 -0.00277 -0.00729 1.16816 
219 1552010836.60219 -169810.21244 3477259.62953 -0.14004 -0.00004 0.00124 1.24136 
220 1552010837.02446 -169812.13666 3477260.28472 -0.13649 -0.00159 0.00346 1.24989 
221 1552010837.44647 -169814.02621 3477260.74329 -0.14181 0.00386 0.00233 1.44414 
222 1552010837.86728 -169815.82614 3477260.95826 -0.13182 -0.00676 0.00114 1.48429 
223 1552010838.29126 -169817.32863 3477261.07257 -0.13545 -0.00494 0.01471 1.57867 
224 1552010838.71784 -169818.33482 3477260.97535 -0.12996 -0.00848 -0.00456 1.74797 
225 1552010839.17365 -169819.08969 3477260.83718 -0.14200 0.00664 0.00837 1.77348 
226 1552010839.60303 -169820.35038 3477260.56568 -0.14765 0.01278 -0.00171 1.78539 
227 1552010840.06610 -169822.36894 3477260.09085 -0.14564 0.00914 -0.00133 1.83313 
228 1552010840.49085 -169824.02473 3477259.63116 -0.13026 -0.00932 0.00677 1.88054 
229 1552010840.91231 -169825.29524 3477259.07840 -0.13366 -0.00388 -0.00645 2.05332 
230 1552010841.33321 -169826.17203 3477258.61670 -0.13394 -0.00244 -0.00267 2.05525 
231 1552010841.75468 -169827.19110 3477258.06506 -0.14728 0.01168 -0.00163 2.09121 
232 1552010842.18033 -169828.67408 3477257.21295 -0.13533 -0.00077 -0.00204 2.09017 
233 1552010842.63583 -169830.40403 3477256.22114 -0.14427 0.01021 -0.00217 2.08922 
234 1552010843.05525 -169832.30619 3477255.13108 -0.14446 0.01034 -0.00152 2.08862 
235 1552010843.48085 -169834.50309 3477253.78836 -0.13463 -0.00117 -0.00122 2.15590 
236 1552010843.93508 -169837.02669 3477252.11069 -0.14139 0.00797 -0.00051 2.15703 
237 1552010844.35501 -169839.23172 3477250.64326 -0.12682 -0.01256 -0.00053 2.15633 
238 1552010844.78001 -169840.94713 3477249.50230 -0.13863 -0.00351 -0.00098 2.15863 
239 1552010845.22850 -169842.34445 3477248.56446 -0.13863 -0.00206 -0.00293 2.15741 
240 1552010845.64932 -169843.49269 3477247.80096 -0.13431 -0.00123 -0.00131 2.15801 
241 1552010846.07426 -169844.43996 3477247.14726 -0.12916 -0.00887 -0.00169 2.19067 
242 1552010846.49795 -169845.12554 3477246.65713 -0.12858 -0.00913 0.00422 2.20116 
243 1552010846.92343 -169845.92604 3477246.01925 -0.13733 0.00165 0.00077 2.25987 
244 1552010847.38210 -169846.79941 3477245.30112 -0.14189 0.00698 0.00189 2.25942 
245 1552010847.80235 -169847.87584 3477244.41584 -0.13457 -0.00119 0.00074 2.25906 
246 1552010848.22525 -169848.74660 3477243.69958 -0.13914 0.00399 0.00045 2.25881 
247 1552010848.65334 -169849.71414 3477242.90341 -0.13251 -0.00336 -0.00071 2.25859 
248 1552010849.10704 -169850.77163 3477242.03349 -0.14047 0.00550 -0.00069 2.25845 
249 1552010849.53182 -169851.84249 3477241.15223 -0.14197 0.00725 -0.00137 2.25833 
250 1552010849.98828 -169853.12932 3477240.09245 -0.12677 -0.00977 -0.00186 2.25812 
251 1552010850.41299 -169854.01359 3477239.36424 -0.12739 -0.00934 -0.00224 2.25802 
252 1552010850.84175 -169854.56408 3477238.91046 -0.12925 -0.00747 -0.00183 2.25801 
253 1552010851.28794 -169855.18717 3477238.39797 -0.13591 0.00026 -0.00222 2.25801 
254 1552010851.70985 -169855.83497 3477237.86485 -0.13361 -0.00215 -0.00251 2.25799 
255 1552010852.13214 -169856.40603 3477237.39471 -0.13289 -0.00294 -0.00313 2.25798 
256 1552010852.55634 -169856.85930 3477237.02138 -0.13460 -0.00104 -0.00351 2.25796 
257 1552010852.98323 -169857.41955 3477236.56013 -0.13696 0.00152 -0.00326 2.25798 
258 1552010853.41033 -169858.15701 3477235.95279 -0.13359 -0.00223 -0.00340 2.25796 
259 1552010853.83448 -169858.83900 3477235.39126 -0.13576 0.00024 -0.00346 2.25797 
260 1552010854.25675 -169859.63590 3477234.73437 -0.14029 0.00532 -0.00213 2.26103 
261 1552010854.68100 -169860.38214 3477234.05703 -0.13987 0.00470 0.00140 2.33933 
262 1552010855.10504 -169861.00873 3477233.44390 -0.13606 0.00004 0.01541 2.38138 
263 1552010855.53359 -169861.69360 3477232.63514 -0.13319 -0.00352 -0.00141 2.46178 
264 1552010855.95840 -169862.19105 3477231.97452 -0.13805 0.00188 0.00514 2.55839 
265 1552010856.38146 -169862.67037 3477231.23472 -0.13028 -0.00612 0.00183 2.58400 
266 1552010856.80552 -169863.12429 3477230.36618 -0.14024 0.00508 -0.00570 2.70641 
267 1552010857.22800 -169863.48204 3477229.52957 -0.13474 -0.00155 0.01272 2.81377 
268 1552010857.65050 -169863.79430 3477228.42892 -0.13261 -0.00456 -0.00973 2.87660 
269 1552010858.07268 -169864.01884 3477227.40236 -0.14170 0.00662 -0.00638 2.96808 
270 1552010858.49704 -169864.17485 3477226.39167 -0.13518 -0.00112 0.01406 3.05284 
271 1552010858.92088 -169864.21271 3477225.24839 -0.13156 -0.00471 -0.00663 3.12194 
272 1552010859.34286 -169864.22581 3477224.38174 -0.13862 0.00306 -0.00572 3.12068 
273 1552010859.78773 -169864.24329 3477223.27732 -0.13463 -0.00117 -0.00854 3.11980 
274 1552010860.20849 -169864.25631 3477222.18344 -0.14780 0.01267 0.00001 3.13705 
275 1552010860.63016 -169864.21658 3477220.71443 -0.12956 -0.00792 -0.00534 -3.10518 
276 1552010861.05401 -169864.11070 3477219.62752 -0.13871 -0.00226 -0.00605 -2.98516 
277 1552010861.49016 -169863.97088 3477218.84458 -0.13141 -0.00508 0.00091 -2.93302 
278 1552010861.91120 -169863.77511 3477217.94636 -0.14642 0.00778 0.01254 -2.90957 
279 1552010862.33545 -169863.43180 3477216.66754 -0.13668 0.00038 0.00499 -2.85863 
280 1552010862.75687 -169863.03801 3477215.48894 -0.12825 -0.01000 0.00377 -2.77257 
281 1552010863.17898 -169862.73777 3477214.74824 -0.12834 -0.00935 -0.00310 -2.75096 
282 1552010863.60326 -169862.42078 3477214.02909 -0.14531 0.01062 -0.00113 -2.71303 
283 1552010864.02542 -169862.00777 3477213.13032 -0.13764 0.00231 0.00734 -2.69169 
284 1552010864.44541 -169861.43196 3477212.02026 -0.13892 0.00353 0.00064 -2.65320 
285 1552010864.86590 -169860.86047 3477210.94078 -0.14005 0.00495 0.00253 -2.65270 
286 1552010865.28965 -169860.24640 3477209.76569 -0.12834 -0.00853 -0.00370 -2.68771 
287 1552010865.71461 -169859.83842 3477208.91827 -0.13229 -0.00462 0.00289 -2.69199 
288 1552010866.14775 -169859.43133 3477208.05386 -0.14458 0.00987 0.00102 -2.71031 
289 1552010866.56610 -169858.95318 3477207.00926 -0.13889 0.00367 0.00283 -2.70793 
290 1552010866.99051 -169858.48838 3477205.99709 -0.12913 -0.00721 0.00514 -2.70610 
291 1552010867.40985 -169858.06329 3477205.07273 -0.14286 0.00773 0.00652 -2.70492 
292 1552010867.83232 -169857.57512 3477204.01323 -0.13789 0.00259 0.00914 -2.70368 
293 1552010868.25264 -169857.08869 3477202.95668 -0.13937 0.00376 0.01118 -2.70290 
294 1552010868.67552 -169856.60080 3477201.89664 -0.13707 0.00146 0.01311 -2.70225 
295 1552010869.10032 -169856.20683 3477201.03645 -0.13427 -0.00267 0.01233 -2.70111 
296 1552010869.55705 -169855.72026 3477200.01559 -0.13408 -0.00252 0.01207 -2.68756 
297 1552010869.97545 -169855.35568 3477199.30342 -0.14101 0.00227 0.01702 -2.59343 
298 1552010870.39594 -169854.95026 3477198.65349 -0.13420 -0.00225 0.00699 -2.57643 
299 1552010870.82197 -169854.49013 3477197.91880 -0.14622 0.01030 0.00541 -2.57674 
300 1552010871.24098 -169853.89713 3477196.97635 -0.13626 0.00046 0.00529 -2.57807 
301 1552010871.66487 -169853.33380 3477196.03293 -0.13579 0.00022 0.00456 -2.61387 
302 1552010872.12209 -169852.75180 3477195.02990 -0.14153 0.00671 0.00447 -2.61677 
303 1552010872.54745 -169852.12740 3477193.94885 -0.12957 -0.00669 0.00244 -2.61861 
304 1552010873.00563 -169851.67507 3477193.16481 -0.13796 0.00250 -0.00015 -2.62034 
305 1552010873.42759 -169851.24858 3477192.41492 -0.12762 -0.00723 -0.00174 -2.65251 
306 1552010873.84642 -169850.96399 3477191.86979 -0.13162 -0.00474 0.00187 -2.65861 
307 1552010874.26796 -169850.62782 3477191.22791 -0.12272 -0.00370 0.00533 -2.67136 
308 1552010874.69392 -169850.20553 3477190.39897 -0.13687 -0.00091 0.00020 -2.67215 
309 1552010875.11457 -169849.73816 3477189.47578 -0.14511 0.01021 0.00164 -2.67283 
310 1552010875.53337 -169849.21785 3477188.44597 -0.12703 -0.00965 0.00168 -2.67322 
311 1552010875.95264 -169848.77272 3477187.56481 -0.13852 0.00324 0.00075 -2.67366 
312 1552010876.37262 -169848.34850 3477186.72454 -0.13622 0.00075 0.00109 -2.67396 
313 1552010876.79348 -169847.79687 3477185.63220 -0.14235 0.00757 0.00025 -2.67422 
314 1552010877.22036 -169847.27660 3477184.60207 -0.13620 0.00076 -0.00075 -2.67445 
315 1552010877.65900 -169846.64487 3477183.35135 -0.13846 0.00321 -0.00120 -2.67462 
316 1552010878.10861 -169846.01198 3477182.09848 -0.14059 0.00565 -0.00205 -2.67478 
317 1552010878.53600 -169845.44079 3477180.96866 -0.12675 -0.00986 -0.00177 -2.67495 
318 1552010878.99163 -169844.95371 3477180.00524 -0.13261 -0.00338 -0.00137 -2.67382 
319 1552010879.41161 -169844.60543 3477179.35870 -0.12993 -0.00720 -0.00286 -2.62557 
320 1552010879.83184 -169844.37623 3477178.95857 -0.13424 -0.00169 0.00262 -2.60840 
321 1552010880.25596 -169844.06813 3477178.44121 -0.13681 0.00138 -0.00315 -2.60419 
322 1552010880.67594 -169843.64192 3477177.72952 -0.14491 0.01006 -0.00294 -2.60360 
323 1552010881.09792 -169843.20533 3477176.97393 -0.12796 -0.00903 -0.00217 -2.64609 
324 1552010881.52174 -169842.84486 3477176.31960 -0.14230 -0.00230 -0.00392 -2.64627 
325 1552010881.97785 -169842.30142 3477175.31805 -0.12684 -0.00712 -0.00168 -2.64708 
326 1552010882.40026 -169841.74377 3477174.29589 -0.14944 0.01236 -0.00331 -2.64883 
327 1552010882.82106 -169841.05966 3477173.03222 -0.13283 -0.00350 -0.00590 -2.64949 
328 1552010883.24750 -169840.36755 3477171.75611 -0.13083 -0.00598 -0.00767 -2.65009 
329 1552010883.70281 -169839.80601 3477170.72187 -0.13950 0.00344 -0.00712 -2.65097 
330 1552010884.12765 -169839.24304 3477169.68323 -0.13151 -0.00541 -0.00839 -2.65129 
331 1552010884.54931 -169838.64615 3477168.56221 -0.14221 0.00483 -0.00864 -2.68670 
332 1552010884.97199 -169838.12416 3477167.49944 -0.12819 -0.00961 -0.00299 -2.69042 
333 1552010885.42910 -169837.55941 3477166.34213 -0.13623 0.00056 -0.00540 -2.69289 
334 1552010885.84953 -169837.11051 3477165.42016 -0.13817 0.00277 -0.00625 -2.69474 
335 1552010886.26767 -169836.56292 3477164.29221 -0.13300 -0.00310 -0.00824 -2.69606 
336 1552010886.68606 -169836.09792 3477163.33449 -0.13838 0.00292 -0.00996 -2.69716 
337 1552010887.10427 -169835.64505 3477162.43830 -0.12952 -0.00813 -0.00562 -2.63821 
338 1552010887.52828 -169835.30864 3477161.83027 -0.13531 -0.00079 -0.00512 -2.63479 
339 1552010887.98852 -169834.76900 3477160.85986 -0.14835 0.01364 -0.00085 -2.63272 
340 1552010888.44242 -169834.11129 3477159.64382 -0.12833 -0.00872 -0.00195 -2.68600 
341 1552010888.86066 -169833.75918 3477158.92366 -0.13382 -0.00244 0.00016 -2.68900 
342 1552010889.28324 -169833.29989 3477157.98065 -0.14574 0.01088 -0.00171 -2.69161 
343 1552010889.74106 -169832.76707 3477156.88279 -0.13081 -0.00344 -0.00144 -2.69384 
344 1552010890.19901 -169832.19016 3477155.69248 -0.14003 0.00544 -0.00565 -2.69532 
345 1552010890.61985 -169831.73307 3477154.74906 -0.13875 0.00437 -0.00670 -2.69652 
346 1552010891.04453 -169831.13800 3477153.52311 -0.13234 -0.00343 -0.00829 -2.69731 
347 1552010891.50194 -169830.47264 3477152.23555 -0.13952 0.00424 -0.00864 -2.63308 
348 1552010891.92296 -169829.87523 3477151.17894 -0.13028 -0.00657 -0.00540 -2.63264 
349 1552010892.34464 -169829.27434 3477150.11045 -0.14106 0.00583 -0.00579 -2.63095 
350 1552010892.77063 -169828.71032 3477149.11052 -0.13543 -0.00019 -0.00589 -2.62993 
351 1552010893.23107 -169828.06361 3477147.97287 -0.13297 -0.01317 0.00007 -2.62890 
352 1552010893.68802 -169827.42679 3477146.84374 -0.14831 0.01050 -0.00036 -2.62830 
353 1552010894.11375 -169826.84103 3477145.80483 -0.13358 -0.00286 -0.00017 -2.62780 
354 1552010894.55252 -169826.23679 3477144.73377 -0.13775 0.00239 0.00007 -2.62745 
355 1552010894.99138 -169825.60416 3477143.61249 -0.14189 0.00713 0.00043 -2.62714 
356 1552010895.41328 -169824.99676 3477142.53600 -0.13551 0.00001 0.00120 -2.62690 
357 1552010895.83447 -169824.32308 3477141.34724 -0.13476 -0.00087 0.00904 -2.60750 
358 1552010896.25574 -169823.75102 3477140.46813 -0.12697 -0.01065 0.00189 -2.52753 
359 1552010896.68419 -169823.23640 3477139.73632 -0.14552 0.01080 0.00312 -2.52669 
360 1552010897.14329 -169822.33841 3477138.58525 -0.13859 0.00168 -0.00250 -2.44323 
361 1552010897.56832 -169821.40942 3477137.47822 -0.14170 0.00656 -0.00031 -2.44025 
362 1552010897.98963 -169820.36409 3477136.23686 -0.12776 -0.00887 0.00215 -2.43746 
363 1552010898.41346 -169819.29385 3477134.98897 -0.13810 0.00135 0.01063 -2.39591 
364 1552010898.84092 -169818.28339 3477133.91935 -0.13594 -0.00571 0.01549 -2.29962 
365 1552010899.29975 -169817.50705 3477133.26548 -0.12770 -0.01014 -0.00299 -2.26281 
366 1552010899.75629 -169816.78800 3477132.67396 -0.14501 0.00974 -0.00520 -2.26145 
367 1552010900.22483 -169815.73914 3477131.81488 -0.13070 -0.00589 -0.00736 -2.26185 
368 1552010900.64412 -169815.00670 3477131.18338 -0.13247 -0.00413 -0.00567 -2.30441 
369 1552010901.06509 -169814.45413 3477130.69128 -0.13876 0.00334 -0.00809 -2.30514 
370 1552010901.48460 -169813.71951 3477130.03730 -0.14109 0.00505 -0.00716 -2.30539 
371 1552010901.90655 -169812.89761 3477129.33602 -0.13548 -0.00024 -0.00848 -2.25643 
372 1552010902.35639 -169812.08667 3477128.70175 -0.13417 -0.00159 -0.00587 -2.23096 
373 1552010902.77424 -169811.32316 3477128.11188 -0.14083 0.00580 -0.00449 -2.23151 
374 1552010903.19241 -169810.29311 3477127.31662 -0.13371 -0.00229 -0.00187 -2.22725 
375 1552010903.61116 -169809.41604 3477126.69295 -0.14080 0.00478 -0.00237 -2.16560 
376 1552010904.02972 -169808.56065 3477126.11311 -0.13322 -0.00274 0.00056 -2.16432 
377 1552010904.45344 -169807.62367 3477125.47836 -0.14554 0.01102 0.00205 -2.16335 
378 1552010904.89005 -169806.59351 3477124.78131 -0.13794 0.00272 0.00424 -2.16240 
379 1552010905.31021 -169805.45261 3477124.00924 -0.13574 0.00014 0.00632 -2.16177 
380 1552010905.72921 -169804.20796 3477123.16478 -0.13214 -0.00390 0.00540 -2.16569 
381 1552010906.14794 -169803.33232 3477122.52627 -0.12867 -0.01007 0.00431 -2.21174 
382 1552010906.56858 -169802.48507 3477121.88555 -0.14626 0.01117 0.00347 -2.21925 
383 1552010907.02205 -169801.48866 3477121.07668 -0.12798 -0.00909 -0.00398 -2.29660 
384 1552010907.44912 -169800.91483 3477120.46669 -0.13203 -0.00584 0.00377 -2.48209 
385 1552010907.90681 -169800.55535 3477119.98657 -0.13406 -0.00203 0.00735 -2.51545 
386 1552010908.33022 -169800.15026 3477119.42470 -0.14025 0.00477 0.00459 -2.51861 
387 1552010908.76496 -169799.62216 3477118.68795 -0.14302 0.00827 0.00403 -2.52114 
388 1552010909.18360 -169799.12193 3477117.98758 -0.13511 -0.00047 0.00213 -2.52282 
389 1552010909.60228 -169798.61755 3477117.28584 -0.13246 -0.00335 0.00854 -2.49655 
390 1552010910.02113 -169798.23953 3477116.81866 -0.12961 -0.00732 -0.00085 -2.43502 
391 1552010910.43898 -169797.91408 3477116.43587 -0.14606 0.01168 0.00124 -2.43392 
392 1552010910.86028 -169797.24321 3477115.64935 -0.14906 0.01438 0.00010 -2.43272 
393 1552010911.27753 -169796.33284 3477114.58898 -0.13477 -0.00145 0.00830 -2.41760 
394 1552010911.69547 -169795.55633 3477113.75505 -0.12926 -0.00817 0.00468 -2.37134 
395 1552010912.11323 -169794.94351 3477113.15504 -0.14157 0.00262 0.01722 -2.26152 
396 1552010912.53164 -169794.25246 3477112.60199 -0.13267 -0.00429 0.01082 -2.21845 
397 1552010912.95478 -169793.43477 3477112.06678 -0.13978 0.00380 -0.00016 -2.10367 
398 1552010913.41186 -169792.46269 3477111.59458 -0.14081 0.00509 -0.00001 -1.92675 
399 1552010913.86887 -169791.40380 3477111.23426 -0.13293 -0.00308 -0.00450 -1.86690 
400 1552010914.28638 -169790.51631 3477111.00521 -0.13758 0.00186 0.00969 -1.74338 
401 1552010914.70700 -169789.65929 3477110.88267 -0.13211 -0.00460 0.00950 -1.65677 
402 1552010915.12938 -169788.77794 3477110.86882 -0.13180 -0.00438 0.00567 -1.51539 
403 1552010915.58696 -169787.91757 3477110.96750 -0.13303 -0.00282 -0.01004 -1.43560 
404 1552010916.00622 -169786.89224 3477111.11375 -0.14575 0.01089 0.00109 -1.41664 
405 1552010916.42953 -169785.61310 3477111.35946 -0.12920 -0.00803 0.00593 -1.34419 
406 1552010916.88765 -169784.49853 3477111.69198 -0.13590 -0.00038 -0.00192 -1.24369 
407 1552010917.30705 -169783.70196 3477111.99136 -0.13624 -0.00307 0.01501 -1.11058 
408 1552010917.72624 -169783.13667 3477112.29535 -0.13434 -0.00203 0.00205 -1.06617 
409 1552010918.14605 -169782.43262 3477112.68211 -0.14552 0.01005 0.00540 -1.06594 
410 1552010918.57580 -169781.48550 3477113.23903 -0.13693 -0.00049 0.00057 -1.02297 
411 1552010919.03520 -169780.37869 3477113.91465 -0.14347 0.00849 -0.00050 -1.02480 
412 1552010919.49490 -169779.17689 3477114.64809 -0.13391 -0.00190 -0.00401 -1.02770 
413 1552010919.96470 -169777.93342 3477115.34672 -0.13197 -0.00549 -0.00586 -1.08572 
414 1552010920.41880 -169776.91981 3477115.81365 -0.13189 -0.00755 -0.00388 -1.24697 
415 1552010920.84022 -169776.31757 3477116.01719 -0.14074 0.00520 -0.00524 -1.24996 
416 1552010921.26101 -169775.72562 3477116.20069 -0.13369 -0.00369 -0.01071 -1.32510 
417 1552010921.68083 -169775.33533 3477116.30132 -0.13337 -0.00265 -0.00949 -1.32589 
418 1552010922.10462 -169774.80349 3477116.43888 -0.14260 0.00656 -0.00858 -1.32641 
419 1552010922.52960 -169774.22397 3477116.57470 -0.13339 -0.00394 -0.00903 -1.37351 
420 1552010922.98864 -169773.78275 3477116.66750 -0.13987 0.00419 -0.01126 -1.37381 
421 1552010923.40765 -169773.26645 3477116.77987 -0.13908 0.00548 0.00992 -1.37268 
422 1552010923.82824 -169772.72243 3477116.89321 -0.13771 -0.00125 -0.01096 -1.37348 
423 1552010924.24987 -169772.18576 3477117.00475 -0.14087 0.00487 -0.01088 -1.37434 
424 1552010924.67076 -169771.65183 3477117.10830 -0.13650 -0.00146 0.00187 -1.39864 
425 1552010925.09562 -169771.33625 3477117.16013 -0.13345 -0.00392 -0.01141 -1.41765 
426 1552010925.54936 -169771.14973 3477117.18886 -0.13342 -0.00289 -0.01158 -1.42747 
427 1552010925.97172 -169771.05791 3477117.20223 -0.13400 -0.00208 -0.01230 -1.42665 
428 1552010926.39142 -169771.00537 3477117.20893 -0.13439 -0.00155 -0.01297 -1.42598 
429 1552010926.81210 -169770.97668 3477117.21229 -0.13458 -0.00139 -0.01336 -1.42541 
430 1552010927.23696 -169770.97661 3477117.21169 -0.13469 -0.00143 -0.01329 -1.42496 
431 1552010927.69712 -169770.97655 3477117.21116 -0.13477 -0.00129 -0.01363 -1.42468 
432 1552010928.15364 -169770.97655 3477117.21116 -0.13477 -0.00129 -0.01363 -1.42468 
